0.858718
0.526070
0.608109
0.608673
0.650869
0.533848
0.725358
0.703253
0.570473
0.818642
0.804013
0.522408
0.707412
0.769703
0.684289
0.568664
0.509682
0.530838
0.744108
0.573437
0.636914
0.545165
0.762898
0.704945
0.602008
0.519291
0.621473
0.673718
0.360576
0.855144
0.951151
0.631818
0.783665
0.810123
0.881861
0.647046
0.713884
0.829472
0.651137
0.911389
0.498013
0.726428
0.897549
0.688988
0.660843
0.839044
0.742872
0.632859
0.594312
0.806111
0.703653
0.631791
0.625958
0.600139
0.786638
0.826206
0.746264
0.867018
0.720032
0.707654
0.807305
0.583654
0.709774
0.524533
0.750774
0.561590
0.901347
0.745744
0.571785
0.606397
0.657941
0.529221
0.734385
0.951621
0.572882
0.709419
0.730311
0.728329
0.591453
0.489489
0.912800
0.792145
0.513096
0.885605
0.584918
0.839725
0.556790
0.719880
0.705154
0.670345
0.787870
0.490590
0.591530
0.704382
0.966986
0.725570
0.735467
0.793208
0.530549
0.661177
0.586930
0.575695
0.977481
0.855892
0.858564
0.749638
0.635903
0.645694
0.709426
0.774373
0.838030
0.520551
0.596612
0.631791
0.623940
0.531323
0.726010
0.675919
0.647046
0.781203
0.859073
0.694390
0.759154
0.855666
0.678126
0.734965
0.813138
0.711046
0.943071
0.723498
0.692261
0.690532
0.598101
0.626111
0.499378
0.624981
0.722522
0.509108
0.762703
0.604698
0.596807
0.551116
0.825561
0.824131
0.501486
0.762466
0.578915
0.647775
0.750995
0.509706
0.622439
0.888107
0.609608
0.824371
0.919967
0.648512
0.924030
0.542769
0.596612
0.719588
0.647848
0.642583
0.556463
0.576079
0.849173
0.711165
0.643932
0.668307
0.673883
0.735806
0.766735
0.726441
0.579928
0.595985
0.824533
0.658814
0.582183
0.625352
0.905560
0.676854
0.748103
0.804197
0.539018
0.791063
0.589320
0.669734
0.730141
0.818443
0.881450
0.498839
0.755131
0.659999
0.844075
0.779549
0.852693
0.647046
0.674045
0.654190
0.784680
0.700096
0.353149
0.548209
0.680222
0.650693
0.643168
0.817310
0.608316
0.709752
0.550558
0.872066
0.898499
0.767744
0.602921
0.905313
0.771243
0.857412
0.594449
0.899245
0.641671
0.672456
0.617292
0.592501
0.704311
0.695783
0.715838
0.537126
0.844920
0.916633
0.547300
0.602019
0.683262
0.717772
0.754220
0.505201
0.676387
0.758031
0.507902
0.722854
0.614062
0.730581
0.455078
0.719993
0.452290
0.823675
0.454269
0.669734
0.757639
0.795197
0.434748
0.653643
0.465112
0.736095
0.592190
0.613234
0.698213
0.573653
0.580407
0.557959
0.736810
0.772593
0.753765
0.872837
0.748308
0.694885
0.702990
0.549037
0.658504
0.607338
0.502791
0.736335
0.750189
0.650692
0.835130
0.751645
0.836732
0.522455
0.791376
0.794897
0.898825
0.700272
0.589727
0.584977
0.600291
0.605092
0.604503
0.690057
0.775878
0.845140
0.913452
0.574710
0.765588
0.702091
0.739493
0.693177
0.419880
0.646747
0.695589
0.871371
0.597060
0.722981
0.637611
0.883398
0.740016
0.576219
0.907112
0.792736
0.842955
0.576762
0.767457
0.703013
0.729119
0.779140
0.798592
0.894861
0.804060
0.692229
0.709549
0.562510
0.695240
0.656179
0.806512
0.877137
0.577918
0.697806
0.765103
0.741415
0.800022
0.931735
0.955200
0.619323
0.648921
0.795634
0.731591
0.586392
0.616371
0.593031
0.877397
0.532848
0.707695
0.753291
0.713282
0.552734
0.778300
0.689708
0.925416
0.517322
0.613540
0.801748
0.808962
0.749639
0.705428
0.835375
0.830210
0.733033
0.583789
0.707604
0.527334
0.526024
0.440306
0.531142
0.608418
0.627417
0.557333
0.782147
0.677675
0.618032
0.498651
0.755029
0.840104
0.658790
0.758269
0.611276
0.671136
0.804374
0.627246
0.576650
0.826300
0.737640
0.708516
0.578821
0.547075
0.824933
0.786824
0.539683
0.731749
0.776446
0.537386
0.654811
0.760808
0.597849
0.745033
0.645577
0.563255
0.586603
0.688273
0.836581
0.821750
0.658018
0.474930
0.727170
0.435449
0.594287
0.658840
0.693911
0.748195
0.863153
0.723215
0.650571
0.555894
0.722976
0.788592
0.752418
0.652218
0.831303
0.607935
0.505201
0.797712
0.881623
0.566800
0.698596
0.597947
0.790171
0.937672
0.589558
0.707151
0.812320
0.734543
0.756678
0.611826
0.701400
0.947539
0.532907
0.750710
0.686551
0.625618
0.558763
0.522129
0.788182
0.646044
0.407750
0.567468
0.548001
0.690591
0.729892
0.663478
0.799890
0.547716
0.471073
0.695793
0.923427
0.582022
0.465107
0.639576
0.821485
0.786145
0.644436
0.931195
0.851894
0.750089
0.561848
0.566193
0.651699
0.796113
0.795882
0.943381
0.621963
0.639034
0.872921
0.785028
0.467617
0.852455
0.762282
0.606605
0.698353
0.677770
0.669949
0.953279
0.667347
0.815097
0.529513
0.771460
0.575837
0.618830
0.455395
0.737866
0.676221
0.574419
0.833292
0.550799
0.535673
0.565302
0.846411
0.613610
0.643001
0.729911
0.913177
0.641013
0.562439
0.730026
0.950270
0.727283
0.627117
0.779810
0.717265
0.680705
0.685121
0.760619
0.727322
0.850800
0.824359
0.754066
0.909357
0.795054
0.774015
0.381844
0.632079
0.558767
0.805158
0.513372
0.676814
0.743591
0.729424
0.686951
0.720011
0.649317
0.580100
0.753279
0.698724
0.912405
0.539558
0.708875
0.689934
0.705630
0.613142
0.800218
0.802745
0.592305
0.542110
0.539788
0.623621
0.775346
0.785485
0.617742
0.632698
0.773084
0.446127
0.679655
0.723723
0.609929
0.573826
0.753938
0.749865
0.636638
0.657514
0.663366
0.479334
0.557844
0.540179
0.888874
0.495858
0.722982
0.567229
0.792525
0.516304
0.419880
0.538144
0.761355
0.687127
0.622592
0.514482
0.841418
0.693480
0.705367
0.549134
0.925520
0.587429
0.471073
0.545928
0.651699
0.722425
0.781555
0.812824
0.765202
0.567323
0.622439
0.863850
0.762828
0.603354
0.487577
0.710709
0.910789
0.493144
0.751053
0.935756
0.536981
0.748253
0.809689
0.709343
0.692447
0.605231
0.759798
0.812370
0.790798
0.715535
0.797538
0.514008
0.514530
0.548887
0.613040
0.892545
0.909792
0.614607
0.843031
0.733332
0.760144
0.666010
0.596613
0.741305
0.811809
0.312312
0.920906
0.901347
0.842121
0.698368
0.748766
0.688087
0.690459
0.954554
0.713527
0.738660
0.601644
0.707695
0.910265
0.697864
0.585741
0.718352
0.841353
0.671267
0.722639
0.494076
0.849789
0.976770
0.767221
0.684323
0.619417
0.689185
0.777764
0.775719
0.504927
0.870638
0.537351
0.718922
0.476375
0.549551
0.582692
0.575219
0.793564
0.846186
0.707209
0.726697
0.777185
0.563222
0.588406
0.631791
0.898719
0.639194
0.769703
0.546264
0.733540
0.737894
0.931735
0.876548
0.927450
0.555568
0.853505
0.652111
0.561848
0.570635
0.592190
0.913978
0.897061
0.791276
0.704931
0.659131
0.672691
0.821994
0.583487
0.784541
0.858947
0.802155
0.801458
0.608722
0.613147
0.461579
0.459965
0.706896
0.810208
0.626637
0.620924
0.658833
0.262825
0.574195
0.786187
0.923982
0.635976
0.264929
0.776158
0.759965
0.807609
0.588492
0.732926
0.745451
0.636754
0.790163
0.868854
0.627655
0.639988
0.876347
0.730524
0.642977
0.708406
0.575731
0.548363
0.839122
0.727600
0.728767
0.548750
0.841025
0.661892
0.754336
0.667197
0.802823
0.707209
0.607935
0.871771
0.724457
0.721782
0.510109
0.518737
0.830323
0.632867
0.741656
0.589515
0.644018
0.741841
0.673663
0.944505
0.726425
0.589874
0.658667
0.817313
0.914979
0.855411
0.740549
0.726761
0.797097
0.593967
0.690296
0.736025
0.619417
0.495623
0.737435
0.688133
0.717314
0.569788
0.951697
0.738832
0.768199
0.715248
0.894125
0.707648
0.756358
0.645168
0.759484
0.712415
0.762391
0.742763
0.960854
0.303091
0.733104
0.761112
0.927862
0.570071
0.658639
0.763688
0.551567
0.588079
0.747004
0.705762
0.557450
0.931954
0.684349
0.526086
0.830504
0.818156
0.702488
0.518777
0.691908
0.582392
0.604328
0.724492
0.876890
0.632229
0.612779
0.614568
0.499460
0.573548
0.558991
0.637802
0.556722
0.394709
0.577677
0.594736
0.545408
0.768667
0.747304
0.695323
0.670247
0.645215
0.779792
0.576117
0.593704
0.582804
0.589694
0.426729
0.523053
0.695183
0.763507
0.744412
0.572779
0.624754
0.801635
0.904349
0.903181
0.810675
0.828870
0.858844
0.763660
0.785071
0.719100
0.787892
0.789436
0.814243
0.708406
0.658255
0.792501
0.575334
0.519394
0.722988
0.666575
0.725355
0.916633
0.794273
0.828663
0.619034
0.577686
0.691010
0.788977
0.888815
0.834620
0.765202
0.583332
0.872601
0.769281
0.559158
0.622194
0.710130
0.499289
0.877762
0.283328
0.566193
0.809787
0.820873
0.628554
0.817296
0.706613
0.634091
0.780817
0.848800
0.556423
0.611200
0.677675
0.824832
0.857317
0.683781
0.831026
0.492955
0.566183
0.298234
0.706243
0.640330
0.741731
0.733495
0.709876
0.558532
0.791327
0.854384
0.778468
0.770006
0.931704
0.762146
0.737537
0.685614
0.724749
0.655777
0.777683
0.576807
0.606418
0.670345
0.947755
0.763276
0.699582
0.744129
0.669698
0.689185
0.630609
0.764867
0.496797
0.698322
0.579982
0.555821
0.769281
0.691700
0.764017
0.720014
0.695478
0.804357
0.778962
0.779140
0.689557
0.595946
0.594252
0.703149
0.484561
0.720527
0.789412
0.594449
0.637999
0.715125
0.792143
0.624169
0.602434
0.736783
0.727052
0.833698
0.600561
0.794546
0.778018
0.607312
0.674803
0.494465
0.772286
0.557608
0.649916
0.661289
0.749699
0.651804
0.847056
0.776703
0.512208
0.689190
0.611981
0.561761
0.802790
0.582565
0.838266
0.889071
0.790228
0.736750
0.635593
0.553364
0.664185
0.854926
0.613275
0.820020
0.928457
0.664953
0.641753
0.575214
0.872910
0.576885
0.923547
0.615069
0.657518
0.632892
0.756870
0.689708
0.716011
0.734255
0.784674
0.601964
0.887503
0.838040
0.651540
0.738067
0.709276
0.705252
0.748343
0.839123
0.732281
0.690746
0.648874
0.418728
0.613530
0.587319
0.737000
0.846765
0.699450
0.823978
0.701445
0.840072
0.510074
0.851032
0.571453
0.916373
0.759796
0.655487
0.709500
0.766699
0.488429
0.745839
0.730429
0.574839
0.736348
0.579061
0.835446
0.559005
0.673072
0.741038
0.672163
0.775664
0.802418
0.558139
0.711230
0.757057
0.707435
0.653657
0.870086
0.570651
0.756778
0.899113
0.869500
0.813886
0.656815
0.800612
0.707724
0.590650
0.562581
0.531705
0.546070
0.709117
0.432271
0.512574
0.919199
0.447707
0.361593
0.683953
0.462346
0.769011
0.499849
0.768573
0.856775
0.741673
0.767492
0.709276
0.968067
0.469811
0.775325
0.596055
0.742217
0.608868
0.756587
0.464424
0.729562
0.839872
0.618647
0.780150
0.923081
0.525553
0.543890
0.716985
0.490207
0.937289
0.504023
0.493280
0.684838
0.695944
0.555380
0.907034
0.874311
0.767832
0.745533
0.617176
0.686141
0.602787
0.571617
0.677058
0.769901
0.560609
0.927226
0.640101
0.584301
0.803544
0.636736
0.571650
0.650727
0.694951
0.916021
0.691467
0.531607
0.617265
0.689048
0.532865
0.658840
0.847577
0.735470
0.764670
0.650810
0.736223
0.541848
0.742990
0.585288
0.607880
0.735446
0.647064
0.981488
0.617209
0.701903
0.609745
0.781131
0.596131
0.520952
0.646872
0.789963
0.768805
0.662786
0.507110
0.630402
0.790365
0.912558
0.771794
0.457298
0.475894
0.720527
0.796677
0.786999
0.688989
0.681930
0.692013
0.725295
0.905726
0.776595
0.839037
0.605364
0.845725
0.501336
0.534341
0.534627
0.589777
0.746049
0.898663
0.617437
0.759583
0.601551
0.615799
0.615938
0.874031
0.660899
0.766612
0.790948
0.670780
0.767352
0.581246
0.873414
0.469698
0.759513
0.569760
0.661100
0.759994
0.652136
0.607971
0.875095
0.802863
0.759842
0.461528
0.735427
0.651540
0.803140
0.398813
0.580734
0.712176
0.644694
0.726753
0.854591
0.538171
0.829987
0.778196
0.553521
0.902972
0.562439
0.738147
0.601447
0.695015
0.818633
0.776559
0.923176
0.500109
0.804269
0.616143
0.750013
0.632934
0.810698
0.568559
0.724866
0.601867
0.598853
0.749900
0.327882
0.806467
0.644574
0.744616
0.809233
0.822647
0.616570
0.572554
0.786339
0.644073
0.639630
0.766108
0.535224
0.697401
0.672673
0.803322
0.455619
0.720032
0.668307
0.656246
0.611731
0.639983
0.425338
0.759389
0.841588
0.429792
0.796459
0.749780
0.725424
0.730300
0.472231
0.693445
0.604992
0.874259
0.780794
0.818466
0.820785
0.703253
0.723921
0.599384
0.588227
0.652900
0.709988
0.613511
0.776899
0.710195
0.762037
0.964294
0.539776
0.758753
0.720032
0.768718
0.803872
0.801345
0.915402
0.574759
0.741770
0.861468
0.796818
0.717054
0.630154
0.677178
0.771847
0.617421
0.766210
0.593142
0.663302
0.741869
0.566092
0.816779
0.755191
0.649459
0.625837
0.667118
0.886111
0.690544
0.545513
0.690591
0.661569
0.682743
0.744061
0.747812
0.923707
0.587826
0.729159
0.784759
0.755267
0.769572
0.939606
0.808461
0.525718
0.697169
0.770891
0.859794
0.736127
0.782904
0.826295
0.879752
0.794979
0.711214
0.840215
0.452095
0.560096
0.916980
0.882665
0.704394
0.705580
0.921484
0.783810
0.630607
0.685947
0.772344
0.639905
0.736064
0.271727
0.659371
0.707436
0.655410
0.597934
0.801222
0.889092
0.753695
0.458140
0.739255
0.860625
0.778012
0.796613
0.746436
0.694951
0.729987
0.917729
0.600391
0.658335
0.840918
0.488644
0.670225
0.811150
0.805889
0.911009
0.636136
0.608939
0.541025
0.770700
0.825531
0.881063
0.769901
0.603378
0.598803
0.858795
0.792501
0.682086
0.694333
0.644130
0.523220
0.644156
0.622069
0.683950
0.413515
0.522733
0.591438
0.924343
0.513780
0.741354
0.919059
0.630962
0.753250
0.771299
0.507005
0.619751
0.778443
0.685263
0.723952
0.696430
0.911058
0.582237
0.732307
0.570985
0.739863
0.789642
0.717117
0.457298
0.732553
0.775577
0.781754
0.803031
0.672712
0.764386
0.712625
0.743355
0.706613
0.613071
0.685263
0.746488
0.660198
0.730047
0.901048
0.800873
0.888851
0.568425
0.866929
0.769488
0.754238
0.608316
0.600493
0.611204
0.688062
0.686191
0.773936
0.777463
0.811769
0.502326
0.733496
0.752052
0.945038
0.558227
0.553674
0.674971
0.862454
0.771986
0.811809
0.801677
0.782855
0.605352
0.506858
0.746012
0.719877
0.779915
0.694763
0.615742
0.617421
0.827880
0.634164
0.835110
0.745390
0.600471
0.776974
0.795711
0.809953
0.560971
0.759721
0.716639
0.813809
0.726615
0.466957
0.464898
0.634355
0.697901
0.494253
0.552624
0.715858
0.517549
0.728815
0.819732
0.434748
0.690591
0.934691
0.770001
0.507115
0.905587
0.469242
0.447470
0.923176
0.797664
0.660600
0.734756
0.799763
0.640651
0.540705
0.630435
0.595761
0.574494
0.559423
0.513693
0.781347
0.512760
0.737600
0.885746
0.838251
0.537579
0.651332
0.804346
0.584276
0.655558
0.731850
0.645236
0.663831
0.684695
0.684753
0.906131
0.720115
0.665281
0.868920
0.644543
0.882360
0.514371
0.622382
0.700636
0.592190
0.482941
0.456071
0.601199
0.794785
0.584032
0.835696
0.625663
0.886116
0.770101
0.744284
0.665964
0.571855
0.740763
0.920906
0.514085
0.748537
0.747878
0.846564
0.584032
0.545757
0.730646
0.533145
0.638880
0.751666
0.718889
0.582944
0.600693
0.663519
0.756657
0.783428
0.970296
0.816873
0.538098
0.771299
0.562240
0.539187
0.520994
0.945508
0.564060
0.449810
0.812789
0.598425
0.765005
0.812248
0.925866
0.734204
0.796994
0.791411
0.772301
0.631456
0.756626
0.701271
0.728189
0.705219
0.638894
0.495709
0.538349
0.658184
0.784855
0.779915
0.802104
0.426871
0.548560
0.714751
0.715343
0.590294
0.760979
0.603960
0.762113
0.641706
0.639445
0.723114
0.780404
0.824353
0.604568
0.771479
0.606868
0.681303
0.856652
0.812927
0.821336
0.784538
0.561108
0.810748
0.559417
0.762913
0.763386
0.793026
0.748115
0.591635
0.720990
0.697651
0.626964
0.829381
0.800348
0.647021
0.894956
0.763319
0.649317
0.768529
0.614570
0.863030
0.724603
0.544501
0.753558
0.596649
0.789826
0.722891
0.913072
0.743442
0.756814
0.781592
0.782518
0.602489
0.573937
0.865740
0.873444
0.724980
0.904377
0.465112
0.594811
0.611081
0.488492
0.919507
0.734026
0.787626
0.617095
0.699413
0.709663
0.806392
0.681555
0.642315
0.484084
0.429669
0.547592
0.699136
0.685480
0.694595
0.675165
0.486008
0.754351
0.740029
0.555821
0.601805
0.666010
0.756285
0.599347
0.855158
0.706606
0.571512
0.545802
0.729987
0.693866
0.670247
0.765890
0.629869
0.663551
0.889771
0.868984
0.777818
0.751219
0.687759
0.577143
0.757440
0.744269
0.426729
0.608939
0.769860
0.726697
0.904377
0.723217
0.788042
0.911676
0.754693
0.724772
0.520342
0.480606
0.676318
0.922459
0.678002
0.826300
0.883940
0.474577
0.792868
0.493488
0.598101
0.764155
0.867768
0.708612
0.781173
0.486161
0.503815
0.547301
0.687381
0.647574
0.531451
0.929349
0.747783
0.745859
0.849334
0.622485
0.460214
0.490152
0.866423
0.721015
0.733876
0.488429
0.575731
0.863040
0.778326
0.694278
0.824538
0.639388
0.724759
0.754159
0.755931
0.914970
0.646997
0.818218
0.299215
0.527931
0.651540
0.867048
0.666819
0.722166
0.624762
0.744815
0.834006
0.704808
0.564184
0.371751
0.567178
0.691555
0.959842
0.781284
0.526135
0.621214
0.681872
0.544920
0.779549
0.805016
0.684253
0.767027
0.613462
0.484062
0.803881
0.900150
0.650186
0.798703
0.546633
0.716731
0.598684
0.407918
0.589139
0.707724
0.535533
0.730633
0.669397
0.845294
0.632881
0.741016
0.760163
0.733712
0.868567
0.695240
0.648971
0.427818
0.553389
0.522710
0.727522
0.814907
0.980820
0.685953
0.560897
0.868357
0.699805
0.723295
0.869893
0.848897
0.720866
0.535283
0.501556
0.505754
0.588512
0.728085
0.891554
0.632941
0.734882
0.407918
0.759842
0.673089
0.739645
0.847577
0.838148
0.760619
0.509750
0.937284
0.475603
0.579758
0.632110
0.589079
0.705693
0.641003
0.708238
0.634681
0.882283
0.799329
0.663478
0.641029
0.477525
0.455334
0.762437
0.622819
0.716601
0.407330
0.827000
0.644526
0.722361
0.599512
0.805397
0.601120
0.756587
0.764730
0.874883
0.613624
0.718972
0.703262
0.697169
0.843319
0.680951
0.783083
0.689901
0.648843
0.980820
0.672712
0.614367
0.794047
0.846948
0.690296
0.654777
0.566398
0.585550
0.782128
0.890668
0.505590
0.794103
0.694274
0.697018
0.809760
0.700901
0.901347
0.774603
0.768809
0.670902
0.629738
0.698137
0.754743
0.586515
0.698132
0.616843
0.508993
0.883146
0.805717
0.814064
0.851370
0.562982
0.518110
0.675026
0.477998
0.789143
0.538312
0.805215
0.594548
0.491734
0.782230
0.761292
0.948786
0.953279
0.489460
0.778492
0.686074
0.801540
0.748289
0.683781
0.501765
0.874886
0.755461
0.581591
0.780536
0.726495
0.598178
0.815041
0.778414
0.591924
0.680878
0.791285
0.811150
0.910181
0.646061
0.820804
0.559490
0.671931
0.845498
0.754544
0.624169
0.835361
0.704610
0.924005
0.650879
0.673954
0.719167
0.683465
0.572978
0.607720
0.896060
0.639685
0.727052
0.779276
0.492376
0.583948
0.912558
0.768500
0.634892
0.670837
0.830895
0.526109
0.581340
0.866150
0.756574
0.649202
0.808063
0.817310
0.565032
0.601520
0.728600
0.780552
0.618176
0.782230
0.752967
0.695553
0.756551
0.513380
0.434582
0.849173
0.911806
0.499090
0.688845
0.824646
0.755850
0.549431
0.778999
0.712099
0.767142
0.744476
0.680082
0.562439
0.773361
0.662230
0.682551
0.562695
0.624700
0.629523
0.769011
0.886836
0.684550
0.612252
0.899415
0.717357
0.832987
0.838978
0.770181
0.834404
0.748109
0.487282
0.556386
0.663399
0.967376
0.780362
0.593937
0.663723
0.732919
0.761510
0.813681
0.567530
0.479831
0.630402
0.786145
0.724971
0.921089
0.733409
0.677192
0.610443
0.845993
0.651804
0.643063
0.539048
0.815389
0.607936
0.866421
0.843249
0.796220
0.557450
0.480011
0.841353
0.729834
0.594368
0.749894
0.667841
0.746558
0.765265
0.557039
0.735089
0.759785
0.900879
0.750764
0.467414
0.867588
0.920251
0.852377
0.738151
0.604211
0.656180
0.532435
0.541110
0.508835
0.646603
0.855381
0.821490
0.730472
0.499176
0.698543
0.589607
0.677604
0.430761
0.541483
0.738660
0.770395
0.805388
0.770871
0.797459
0.645840
0.552714
0.724734
0.824117
0.651338
0.267365
0.748482
0.684249
0.708932
0.806189
0.705531
0.541602
0.676844
0.938981
0.515915
0.677464
0.892300
0.642977
0.508421
0.714785
0.840349
0.582208
0.285354
0.495048
0.869987
0.533871
0.219167
0.631291
0.225700
0.937672
0.729147
0.595201
0.589247
0.629358
0.299639
0.911011
0.886210
0.650231
0.549271
0.629057
0.364812
0.519476
0.585500
0.891296
0.605772
0.472808
0.678215
0.571813
0.581990
0.455185
0.388218
0.476911
0.596274
0.569652
0.786652
0.544147
0.689487
0.807948
0.818536
0.580844
0.643794
0.898178
0.515895
0.433783
0.765253
0.668100
0.746195
0.349871
0.514250
0.933876
0.396303
0.281547
0.222478
0.734527
0.897899
0.968293
0.926284
0.623472
0.594303
0.544923
0.256031
0.796652
0.521857
0.337530
0.518727
0.495237
0.483683
0.616614
0.577261
0.512819
0.757535
0.596312
0.564934
0.640443
0.648903
0.682582
0.556105
0.461142
0.235887
0.629323
0.929158
0.401933
0.517452
0.739353
0.705885
0.495107
0.502158
0.928524
0.458858
0.914895
0.485141
0.478984
1.000000
0.696367
0.519669
0.624211
0.541805
0.301242
0.236798
0.465166
0.944339
0.755467
0.896137
0.948755
0.519279
0.636501
0.339005
0.918242
0.551766
0.432717
0.523120
0.510297
0.619338
0.549358
0.576859
0.329648
0.519918
0.577058
0.500557
0.489129
0.949951
0.927124
0.751166
0.427515
0.472175
0.904875
0.244368
0.618753
0.453082
0.575229
0.910831
0.475335
0.594936
0.334068
0.533682
0.733847
0.552336
0.722036
0.554723
0.463095
0.578384
0.687667
0.451945
0.180300
0.653387
0.970487
0.922018
0.746910
0.556070
0.667592
0.605408
0.626271
0.710743
0.649613
0.570355
0.358554
0.762712
0.636212
0.378863
0.726239
0.881593
0.646497
0.942772
0.815413
0.722738
0.357044
0.637894
0.507624
0.735571
0.726088
0.585121
0.646808
0.501914
0.715749
0.659131
0.583316
0.249876
0.529960
0.537282
0.599051
0.707346
0.571915
0.266517
0.431171
0.610652
0.366669
0.854454
0.648634
0.268175
0.918096
0.558622
0.647065
0.945056
0.433589
0.609480
0.798217
0.610332
0.672669
0.764412
0.308491
0.588675
0.520313
0.464244
0.905241
0.496499
0.494368
0.505462
0.719369
0.452177
0.645356
0.709074
0.710204
0.494795
0.306477
0.562984
0.940643
0.321791
0.633907
0.528816
0.846822
0.414140
0.456368
0.531937
0.789039
0.523931
0.919439
0.443997
0.923813
0.624538
0.813113
0.955410
0.398458
0.549653
0.910773
0.231202
0.594412
0.385748
0.193829
0.504276
0.609235
0.694527
0.351295
0.456082
0.429886
0.471044
0.461230
0.891051
0.593830
0.889569
0.950913
0.569595
0.746051
0.915669
0.346961
0.950140
0.583488
0.625677
0.765888
0.184831
0.925024
0.683857
0.451059
0.586141
0.583553
0.559831
0.539013
0.704940
0.907154
0.303652
0.501062
0.502324
0.454509
0.596694
0.446478
0.621354
0.766775
0.202188
0.547480
0.302796
0.330320
0.518463
0.564301
0.628560
0.507960
0.939368
0.700000
0.455925
0.712088
0.430871
0.421630
0.704430
0.430251
0.372850
0.506361
0.956663
0.499925
0.630300
0.168364
0.736550
0.422867
0.605809
0.929463
0.378934
0.453142
0.765478
0.925419
0.581351
0.910761
0.882434
0.599761
0.614319
0.515668
0.601854
0.912348
0.373378
0.917897
0.722413
0.604299
0.859997
0.929026
0.475467
0.897253
0.480048
0.619987
0.399688
0.503038
0.263261
0.339952
0.327689
0.574724
0.656487
0.903058
0.537330
0.538948
0.647328
0.642007
0.825342
0.597198
0.471456
0.164935
0.631835
0.550414
0.469559
0.523548
0.544979
0.551504
0.589269
0.481709
0.531873
0.415421
0.458809
0.629834
0.896978
0.493383
0.916031
0.151018
0.420113
0.606599
0.521216
0.560035
0.309101
0.542815
0.601836
0.955633
0.369515
0.462706
0.904613
0.717774
0.474134
0.255149
0.926415
0.518700
0.570832
0.720983
0.582065
0.788110
0.683554
0.720329
0.607096
0.501261
0.773112
0.277294
0.506208
0.513196
0.927069
0.387056
0.354300
0.651018
0.683504
0.906959
0.094921
0.142706
0.571570
0.742353
0.239296
0.934128
0.465637
0.594671
0.564024
0.297969
0.753571
0.545587
0.180581
0.548106
0.561326
0.755151
0.628500
0.472714
0.915914
0.562324
0.531360
0.497109
0.954755
0.465235
0.505978
0.927661
0.552817
0.437965
0.580554
0.634445
0.426981
0.404781
0.951838
0.422571
0.658487
0.562770
0.567047
0.372135
0.373893
0.532157
0.485352
0.921341
0.610456
0.755470
0.651878
0.953587
0.522420
0.941844
0.627926
0.923031
0.692333
0.928997
0.471047
0.620492
0.537563
0.909933
0.648190
0.656572
0.529607
0.335511
0.946541
0.635013
0.492378
0.501465
0.491200
0.619877
0.402027
0.579165
0.455195
0.465326
0.578776
0.668764
0.488185
0.434669
0.516142
0.459213
0.473859
0.626012
0.239321
0.371616
0.532670
0.409188
0.470184
0.282164
0.528925
0.875989
0.923602
0.379681
0.491089
0.859243
0.509066
0.166008
0.713178
0.517014
0.708228
0.545647
0.869153
0.551216
0.495236
0.604162
0.584756
0.167370
0.488223
0.723251
0.667234
0.500160
0.916012
0.933217
0.608400
0.374613
0.596150
0.929981
0.459105
0.575997
0.412486
0.512400
0.461040
0.933652
0.581920
0.753996
0.143178
0.594614
0.552285
0.555476
0.471716
0.619210
0.400805
0.536983
0.398178
0.892173
0.727232
0.303853
0.428995
0.519727
0.497269
0.620157
0.716024
0.622953
0.471617
0.551843
0.922206
0.702914
0.665442
0.319323
0.699011
0.651142
0.823725
0.543312
0.615969
0.598578
0.645346
0.235683
0.500541
0.544034
0.450104
0.534540
0.694005
0.556836
0.915233
0.668173
0.530602
0.612857
0.726040
0.556310
0.645257
0.561667
0.640227
0.452113
0.628417
0.578688
0.609644
0.889701
0.425325
0.593871
0.655547
0.937276
0.542867
0.927847
0.607520
0.617561
0.147316
0.769209
0.565512
0.754601
0.334622
0.506840
0.532641
0.307038
0.427392
0.601319
0.643690
0.912548
0.689797
0.569817
0.694327
0.388207
0.663864
0.721309
0.966432
0.511909
0.629027
0.414806
0.588925
0.491111
0.926644
0.583394
0.653685
0.578492
0.471851
0.687994
0.160770
0.489193
0.521864
0.684305
0.881679
0.652972
0.693226
0.931348
0.645974
0.923161
0.340610
0.484746
0.383314
0.471852
0.292685
0.349209
0.627998
0.503084
0.482576
0.553605
0.468173
0.706571
0.770468
0.941191
0.423524
0.638675
0.890085
0.525538
0.392243
0.924672
0.525698
0.562770
0.596589
0.577135
0.639125
0.507133
0.900938
0.528163
0.140365
0.939352
0.195763
0.406587
0.397157
0.224873
0.376320
0.541353
0.352837
0.887022
0.455110
0.638597
0.696222
0.442092
0.297051
0.591072
0.782160
0.609125
0.584792
0.598661
0.317555
0.599014
0.519973
0.625105
0.522181
0.664309
0.629762
0.563784
0.949863
0.563405
0.694743
0.338021
0.636643
0.720723
0.602835
0.556708
0.653807
0.209928
0.882194
0.959453
0.936020
0.449301
0.520502
0.740559
0.797265
0.932043
0.881041
0.684772
0.914857
0.918048
0.807653
0.713028
0.467707
0.573253
0.620311
0.145964
0.913485
0.557825
0.655402
0.488906
0.576574
0.260669
0.713528
0.579853
0.574734
0.492364
0.558867
0.595884
0.413510
0.760431
0.785860
0.313065
0.379597
0.639816
0.433782
0.333500
0.317119
0.579096
0.565735
0.484650
0.749842
0.800613
0.244029
0.536829
0.530248
0.833423
0.748840
0.660183
0.493961
0.323148
0.352327
0.475507
0.519353
0.449657
0.906309
0.614733
0.070069
0.645048
0.620056
0.581486
0.916196
0.365325
0.745880
0.726566
0.635200
0.514518
0.572217
0.819023
0.124291
0.661730
0.473818
0.461778
0.659639
0.800437
0.404798
0.334484
0.622692
0.923336
0.671003
0.752701
0.631460
0.871049
0.510728
0.516141
0.237572
0.681636
0.497140
0.937494
0.724379
0.550129
0.603385
0.529820
0.959144
0.814865
0.596273
0.748584
0.247129
0.945505
0.551141
0.706149
0.665651
0.673330
0.292876
0.723111
0.658247
0.618447
0.946522
0.723217
0.503798
0.612079
0.434649
0.911609
0.211186
0.624820
0.678302
0.898025
0.332188
0.924100
0.537135
0.637792
0.526176
0.653840
0.435139
0.682973
0.701076
0.495138
0.531437
0.482027
0.559285
0.600561
0.539527
0.444059
0.688729
0.259123
0.827231
0.363301
0.246688
0.473332
0.438120
0.717299
0.406383
0.661628
0.240450
0.464876
0.944168
0.630986
0.979701
0.553702
0.932731
0.539469
0.285002
0.883530
0.540536
0.500959
0.462080
0.116398
0.941258
0.625973
0.915134
0.510361
0.619372
0.537495
0.412178
0.107230
0.486271
0.165138
0.570160
0.945471
0.732684
0.643676
0.330512
0.597189
0.465500
0.202615
0.418876
0.719272
0.394782
0.918437
0.259775
0.459494
0.439673
0.424165
0.633213
0.351278
0.715504
0.935762
0.567664
0.496540
0.222719
0.700855
0.290746
0.539426
0.645421
0.591479
0.529715
0.516048
0.172204
0.734794
0.711788
0.504771
0.331235
0.754503
0.547037
0.699210
0.652677
0.670148
0.503657
0.600929
0.552837
0.675621
0.734409
0.208333
0.482127
0.676605
0.463676
0.597468
0.687876
0.448568
0.443157
0.675009
0.540893
0.476601
0.940868
0.669608
0.705509
0.939022
0.911662
0.455332
0.913660
0.655067
0.302798
0.525159
0.308502
0.466663
0.322286
0.799086
0.404887
0.500110
0.374682
0.507330
0.467518
0.304837
0.487951
0.628545
0.440709
0.548500
0.582971
0.949431
0.601851
0.450046
0.410590
0.764536
0.534319
0.709658
0.455968
0.917159
0.286209
0.712154
0.560931
0.387463
0.353533
0.467806
0.442472
0.548899
0.505980
0.484245
0.575515
0.532841
0.617880
0.860684
0.335952
0.552645
0.621772
0.450052
0.554039
0.563141
0.912151
0.217823
0.902617
0.673527
0.529253
0.272320
0.638860
0.662687
0.670273
0.561353
0.904931
0.961784
0.411388
0.174635
0.909487
0.611002
0.736239
0.594098
0.654813
0.911214
0.664960
0.963928
0.461256
0.476143
0.765862
0.498120
0.587597
0.254527
0.563595
0.476468
0.913503
0.485174
0.581633
0.145265
0.228817
0.727764
0.529097
0.674292
0.804215
0.911070
0.721451
0.586612
0.946880
0.920514
0.628432
0.839311
0.105229
0.618336
0.931689
0.735052
0.426636
0.817654
0.590689
0.539672
0.372255
0.145653
0.934014
0.434592
0.785311
0.599200
0.510614
0.437393
0.473522
0.407339
0.540181
0.484580
0.588943
0.870116
0.552955
0.867630
0.604186
0.410862
0.949944
0.482982
0.670576
0.888564
0.499236
0.924930
0.379908
0.494717
0.760811
0.299269
0.734140
0.921237
0.742838
0.667962
0.356981
0.647687
0.642838
0.343785
0.225242
0.359264
0.902666
0.339203
0.692699
0.304637
0.758148
0.116036
0.585589
0.464534
0.737153
0.957987
0.534473
0.435398
0.544999
0.795296
0.362909
0.597606
0.524237
0.428975
0.327917
0.417892
0.663636
0.907502
0.833182
0.573265
0.608476
0.757393
0.912733
0.665069
0.468719
0.524677
0.616501
0.920860
0.536014
0.755987
0.363594
0.104059
0.554464
0.721704
0.499281
0.612026
0.924249
0.545718
0.336284
0.622969
0.934273
0.373366
0.932432
0.917474
0.776564
0.500090
0.576669
0.582691
0.361925
0.783640
0.547714
0.776613
0.906522
0.947563
0.364659
0.709791
0.262172
0.457235
0.458377
0.893683
0.560584
0.690951
0.411877
0.928746
0.462034
0.921313
0.585422
0.618954
0.741083
0.535673
0.433793
0.265862
0.344178
0.110132
0.579418
0.503426
0.902523
0.811998
0.658374
0.664092
0.263738
0.510489
0.499117
0.623965
0.585356
0.465136
0.511650
0.495839
0.530882
0.527935
0.464658
0.550735
0.555306
0.584500
0.287646
0.098525
0.593498
0.949647
0.546404
0.576052
0.302346
0.584833
0.870612
0.254725
0.642740
0.479221
0.661091
0.588822
0.371833
0.471444
0.331505
0.426156
0.573978
0.484452
0.623633
0.434143
0.435540
0.580848
0.525253
0.099379
0.589502
0.642715
0.870272
0.654732
0.977390
0.421217
0.899279
0.745468
0.177791
0.342593
0.360367
0.654345
0.925780
0.576953
0.590040
0.532714
0.411078
0.474358
0.571766
0.733371
0.555916
0.591745
0.577381
0.881379
0.274486
0.188459
0.272854
0.259018
0.720023
0.553868
0.658456
0.467991
0.280192
0.601730
0.634749
0.962140
0.590703
0.548494
0.520870
0.344896
0.878036
0.564093
0.553406
0.704208
0.483810
0.684590
0.387746
0.192981
0.620997
0.926788
0.517291
0.963925
0.474882
0.557717
0.612673
0.688813
0.489331
0.594247
0.393953
0.531214
0.500976
0.714552
0.750417
0.398517
0.525819
0.818865
0.750789
0.669672
0.694140
0.703872
0.448964
0.746602
0.681752
0.275062
0.447185
0.711972
0.341124
0.353131
0.945236
0.540811
0.708161
0.533066
0.212513
0.644038
0.667898
0.237582
0.607053
0.519214
0.680289
0.546740
0.412626
0.623704
0.608345
0.598354
0.918325
0.690858
0.917001
0.327307
0.269467
0.915199
0.177687
0.715230
0.731873
0.449243
0.717750
0.724439
0.945754
0.716454
0.597603
0.797409
0.329348
0.584067
0.455504
0.512760
0.121962
0.612756
0.611516
0.592446
0.542704
0.725735
0.697123
0.960631
0.667546
0.703564
0.524060
0.931132
0.336396
0.239544
0.332216
0.382175
0.285860
0.857494
0.601773
0.475365
0.571195
0.483582
0.428295
0.687780
0.486075
0.640702
0.713075
0.675981
0.542293
0.917566
0.734540
0.877547
0.900924
0.480693
0.934984
0.654596
0.362833
0.904318
0.579475
0.358307
0.671135
0.579271
0.487629
0.591861
0.405764
0.695403
0.810513
0.606301
0.922374
0.467393
0.638142
0.913871
0.517001
0.514508
0.496373
0.586362
0.621596
0.679120
0.640073
0.717417
0.635815
0.640085
0.439602
0.366347
0.344592
0.539663
0.382406
0.327486
0.603813
0.388246
0.689665
0.680712
0.499543
0.594661
0.529171
0.215057
0.646386
0.529100
0.967983
0.529383
0.487332
0.798545
0.571699
0.691812
0.509401
0.736699
0.347220
0.610622
0.539177
0.542155
0.544903
0.717833
0.360298
0.524679
0.404834
0.595033
0.923813
0.145483
0.151655
0.532416
0.545687
0.524121
0.619264
0.669796
0.578644
0.953993
0.418729
0.453807
0.326211
0.415557
0.436426
0.217902
0.563486
0.592822
0.916306
0.933220
0.398697
0.739045
0.396118
0.516010
0.514234
0.500050
0.528205
0.417693
0.477242
0.931403
0.534908
0.450853
0.910873
0.112728
0.419141
0.649296
0.589942
0.528767
0.682130
0.438841
0.548705
0.935682
0.595496
0.593144
0.379970
0.521686
0.230317
0.706661
0.356061
0.539846
0.865311
0.680290
0.688663
0.172136
0.450868
0.578649
0.796474
0.437503
0.204380
0.494281
0.530834
0.631791
0.458884
0.726693
0.736372
0.665318
0.488352
0.590344
0.428986
0.752999
0.641307
0.594690
0.677356
0.379999
0.922404
0.522495
0.535996
0.624902
0.460869
0.273565
0.903520
0.903700
0.504233
0.554754
0.503033
0.543521
0.350880
0.742784
0.651488
0.594775
0.184841
0.402228
0.376369
0.401393
0.663669
0.681971
0.707440
0.891034
0.716389
0.751070
0.269286
0.470297
0.000000
0.464694
0.670226
0.745608
0.672080
0.462081
0.467918
0.936727
0.890569
0.326574
0.906915
0.177490
0.447243
0.520488
0.449393
0.457482
0.513212
0.913946
0.538207
0.736221
0.414186
0.429974
0.680326
0.730897
0.454688
0.459710
0.713957
0.568599
0.229827
0.574340
0.722466
0.569924
0.500368
0.614492
0.521522
0.899960
0.737288
0.596870
0.697719
0.546553
0.929549
0.632910
0.601222
0.580291
0.432830
0.515698
0.312796
0.196392
0.478904
0.341081
0.466379
0.468262
0.552556
0.195493
0.307549
0.594109
0.601768
0.349063
0.350659
0.422049
0.465547
0.681816
0.931637
0.159464
0.802883
0.469482
0.672652
0.545375
0.657057
0.596503
0.522736
0.604407
0.644489
0.355836
0.493531
0.903715
0.815151
0.820693
0.358472
0.549597
0.519053
0.597887
0.518421
0.592398
0.701122
0.893565
0.461547
0.432852
0.572065
0.655089
0.381203
0.547020
0.384726
0.901673
0.194708
0.424328
0.618124
0.607407
0.640279
0.919634
0.764414
0.425273
0.641951
0.569194
0.669324
0.568900
0.306029
0.369385
0.322920
0.448858
0.711262
0.648889
0.684057
0.715478
0.621242
0.463762
0.616160
0.171536
0.584215
0.461443
0.408522
0.665080
0.595888
0.486033
0.917930
0.667036
0.379060
0.915090
0.330459
0.185019
0.541269
0.701400
0.436245
0.324758
0.864074
0.950345
0.729544
0.554469
0.920804
0.574932
0.571129
0.679770
0.507792
0.566850
0.592483
0.657779
0.359516
0.926173
0.524771
0.565590
0.479773
0.497421
0.444130
0.233902
0.438680
0.454085
0.314218
0.559649
0.505330
0.691507
0.487193
0.921955
0.731949
0.445630
0.595263
0.212232
0.498245
0.736867
0.490199
0.486310
0.852709
0.906521
0.623689
0.273738
0.897824
0.918463
0.554240
0.339088
0.528234
0.536581
0.660833
0.594156
0.562414
0.568042
0.605472
0.734515
0.577355
0.537032
0.386578
0.444528
0.321423
0.668743
0.559092
0.504282
0.467619
0.938683
0.443203
0.548524
0.786700
0.459878
0.553332
0.440201
0.333537
0.388599
0.100460
0.556948
0.332699
0.343691
0.529689
0.929975
0.597917
0.782219
0.430307
0.380928
0.905594
0.652982
0.640533
0.885699
0.757605
0.303389
0.535750
0.520343
0.276520
0.433811
0.745834
0.577719
0.540555
0.702130
0.825200
0.467051
0.584801
0.365203
0.683526
0.792394
0.527150
0.344423
0.516317
0.914777
0.253977
0.426096
0.585418
0.713008
0.895156
0.350226
0.273157
0.600311
0.301931
0.541914
0.227118
0.398269
0.946647
0.733249
0.469347
0.687095
0.623597
0.360280
0.666377
0.651369
0.905105
0.476959
0.525320
0.369009
0.692362
0.123133
0.741052
0.627777
0.280213
0.642794
0.887918
0.730318
0.508379
0.242262
0.594628
0.714198
0.478360
0.502832
0.718459
0.575159
0.441480
0.393911
0.486884
0.486332
0.898558
0.257887
0.506814
0.632202
0.331393
0.587302
0.708758
0.916868
0.502448
0.578872
0.362762
0.124552
0.546528
0.790353
0.729021
0.757763
0.426956
0.741765
0.462056
0.616137
0.936250
0.933049
0.691942
0.464824
0.522723
0.332701
0.949425
0.531131
0.920813
0.454924
0.608412
0.293028
0.435806
0.340625
0.314907
0.441610
0.741463
0.507118
0.619010
0.098387
0.438278
0.515283
0.131214
0.498752
0.822080
0.551820
0.690231
0.584586
0.412304
0.425677
0.958735
0.785444
0.639316
0.606376
0.934365
0.934333
0.504471
0.728412
0.525547
0.889674
0.541594
0.436246
0.635929
0.542098
0.556342
0.936601
0.904976
0.564617
0.531528
0.945579
0.478898
0.582123
0.666258
0.120602
0.118864
0.483230
0.812538
0.484823
0.726098
0.786532
0.541793
0.721076
0.626526
0.946101
0.922945
0.243700
0.630165
0.465554
0.569561
0.411576
0.445551
0.923179
0.584105
0.375946
0.554894
0.615673
0.522993
0.499203
0.893363
0.442535
0.864186
0.932596
0.804111
0.588666
0.728172
0.622549
0.744022
0.568704
0.403192
0.747725
0.616897
0.597267
0.918196
0.328642
0.602889
0.653490
0.468777
0.609809
0.605480
0.191759
0.697710
0.441671
0.703900
0.448730
0.920177
0.241479
0.684654
0.767597
0.843880
0.928575
0.421964
0.614023
0.925166
0.338753
0.560701
0.309101
0.461777
0.367125
0.269243
0.630277
0.634539
0.724231
0.447498
0.576096
0.767035
0.364314
0.910379
0.627219
0.753375
0.471710
0.591666
0.607249
0.256849
0.618546
0.703424
0.922719
0.287861
0.398064
0.717967
0.485115
0.523906
0.662933
0.911731
0.519978
0.312087
0.724881
0.633492
0.453653
0.488025
0.315031
0.773070
0.691815
0.523994
0.904413
0.177019
0.243733
0.581299
0.509038
0.935309
0.539765
0.242254
0.223202
0.767787
0.635545
0.499176
0.558986
0.346356
0.871780
0.514082
0.679261
0.104926
0.676874
0.573390
0.704241
0.466659
0.554927
0.969545
0.914008
0.265463
0.631236
0.412687
0.541621
0.581965
0.522755
0.121380
0.458349
0.329138
0.916145
0.614905
0.746120
0.573840
0.651832
0.465040
0.395625
0.930179
0.335967
0.598259
0.448844
0.448520
0.701451
0.558661
0.760169
0.437655
0.586550
0.689239
0.982986
0.523542
0.389457
0.430629
0.949338
0.713412
0.409171
0.734321
0.751533
0.510446
0.745062
0.506674
0.879348
0.263620
0.924583
0.714275
0.523335
0.477991
0.698045
0.345964
0.334936
0.473852
0.764051
0.723168
0.532020
0.530677
0.429328
0.330639
0.917222
0.937962
0.620200
0.769289
0.420967
0.769269
0.513595
0.410120
0.584447
0.307919
0.408684
0.623892
0.443227
0.530672
0.592445
0.676745
0.983876
0.549237
0.554531
0.421440
0.398157
0.496384
0.634772
0.402785
0.393769
0.779492
0.409098
0.317386
0.441050
0.117036
0.424823
0.204925
0.493174
0.527003
0.246772
0.437417
0.904534
0.552606
0.401813
0.728837
0.538506
0.936438
0.456206
0.589351
0.373951
0.583490
0.553407
0.292801
0.949026
0.614974
0.926316
0.484683
0.937984
0.573110
0.633259
0.477543
0.508008
0.520362
0.945733
0.684776
0.600469
0.602917
0.551411
0.473026
0.580821
0.331582
0.824729
0.768149
0.453793
0.568923
0.429331
0.514906
0.672902
0.284538
0.535332
0.611678
0.914090
0.370941
0.591130
0.668411
0.724128
0.420434
0.743170
0.733908
0.406889
0.179661
0.487427
0.298166
0.704611
0.461264
0.910005
0.709167
0.600726
0.500978
0.602440
0.302580
0.561887
0.743357
0.925026
0.446758
0.512207
0.694539
0.664992
0.638129
0.543492
0.418114
0.472429
0.891653
0.526967
0.173486
0.776848
0.664184
0.692830
0.462144
0.488874
0.564804
0.544211
0.294884
0.415043
0.607969
0.600793
0.705326
0.250901
0.691363
0.637797
0.706673
0.502844
0.398792
0.356997
0.234798
0.628676
0.918905
0.480518
0.654606
0.427531
0.297377
0.567847
0.923442
0.599876
0.670423
0.799192
0.495284
0.409920
0.547962
0.475314
0.468405
0.493054
0.377259
0.149990
0.920673
0.593462
0.532763
0.697200
0.454802
0.358056
0.261655
0.588129
0.929480
0.398238
0.893916
0.412599
0.527928
0.579626
0.851404
0.534595
0.504645
0.480052
0.470142
0.717640
0.366091
0.595057
0.464741
0.931960
0.469920
0.669235
0.712180
0.626156
0.658926
0.752376
0.603089
0.680572
0.734322
0.853431
0.810707
0.484005
0.396704
0.479312
0.289962
0.471858
0.671492
0.869909
0.178719
0.524330
0.477525
0.602536
0.639019
0.153341
0.459739
0.409148
0.492633
0.912392
0.898404
0.404565
0.182965
0.632311
0.945309
0.727468
0.509282
0.361066
0.601262
0.651513
0.546844
0.798818
0.483062
0.568569
0.519606
0.446600
0.638065
0.516555
0.108174
0.654903
0.914659
0.655519
0.671944
0.927552
0.664019
0.913242
0.318898
0.574636
0.637133
0.734560
0.666477
0.412128
0.495505
0.510559
0.895782
0.514779
0.471690
0.579791
0.212307
0.542869
0.613334
0.694983
0.619204
0.542535
0.467030
0.339349
0.212703
0.768136
0.345058
0.754582
0.106907
0.554192
0.339613
0.570546
0.808010
0.148411
0.809691
0.753346
0.522804
0.654164
0.199422
0.429664
0.693819
0.578764
0.531422
0.485155
0.224566
0.609426
0.413680
0.282164
0.574037
0.576512
0.432517
0.361120
0.645137
0.925543
0.450604
0.613575
0.524524
0.594682
0.923103
0.454305
0.727708
0.378975
0.841174
0.616219
0.631834
0.747701
0.919120
0.402970
0.706013
0.573344
0.576120
0.424889
0.519701
0.650595
0.934938
0.925382
0.522719
0.497754
0.326328
0.482548
0.628413
0.614994
0.900500
0.563787
0.664054
0.944221
0.571486
0.445672
0.604252
0.342332
0.593364
0.632422
0.716042
0.533966
0.409056
0.210569
0.630993
0.241918
0.601879
0.578954
0.399036
0.460965
0.721516
0.534074
0.946124
0.387919
0.421012
0.245687
0.450510
0.914881
0.304412
0.817682
0.910473
0.665865
0.416118
0.168571
0.405187
0.631211
0.354403
0.580763
0.745892
0.934764
0.903447
0.602901
0.707724
0.746059
0.586931
0.604014
0.880881
0.899442
0.508511
0.394522
0.573080
0.634838
0.622380
0.597571
0.924720
0.704902
0.665034
0.396030
0.801343
0.516190
0.213548
0.487537
0.421318
0.360987
0.761342
0.435831
0.406782
0.508974
0.489643
0.975474
0.494401
0.710687
0.404592
0.724678
0.113119
0.901457
0.430601
0.788662
0.594742
0.435494
0.409012
0.171880
0.654432
0.443459
0.596765
0.956725
0.503963
0.330691
0.560217
0.538326
0.331197
0.350813
0.278261
0.592946
0.204031
0.578590
0.782134
0.539293
0.631201
0.810868
0.418154
0.473715
0.591642
0.497499
0.724013
0.700595
0.677919
0.528023
0.713475
0.437859
0.357803
0.493532
0.444912
0.199319
0.469395
0.320751
0.732235
0.573102
0.594543
0.911002
0.596313
0.428337
0.101530
0.516224
0.902638
0.097865
0.502690
0.581371
0.740140
0.903955
0.456975
0.194274
0.407138
0.798459
0.470386
0.671260
0.506442
0.567543
0.584272
0.600303
0.657813
0.932677
0.587519
0.912149
0.924729
0.527318
0.734156
0.379468
0.323559
0.780453
0.237862
0.620891
0.189456
0.693235
0.423198
0.188493
0.918432
0.466587
0.534189
0.226904
0.696270
0.439889
0.334752
0.505607
0.379353
0.213880
0.950833
0.623667
0.331728
0.602514
0.414851
0.640162
0.438061
0.549134
0.578471
0.536470
0.687337
0.913368
0.336404
0.363882
0.533583
0.929755
0.495171
0.368106
0.727332
0.523915
0.580444
0.187326
0.628093
0.645413
0.419803
0.523369
0.591650
0.189593
0.407555
0.748875
0.913946
0.367338
0.774621
0.179512
0.272501
0.498337
0.397375
0.255534
0.414948
0.743071
0.725403
0.467434
0.595535
0.912152
0.524852
0.677007
0.491806
0.233779
0.914326
0.318278
0.278866
0.420795
0.583679
0.385960
0.570800
0.188406
0.554135
0.473290
0.360814
0.623571
0.723262
0.194861
0.950399
0.416179
0.796284
0.949130
0.567525
0.773527
0.805038
0.108560
0.566491
0.936951
0.606537
0.513964
0.923752
0.663935
0.651908
0.574423
0.707268
0.966488
0.622293
0.730349
0.369406
0.611340
0.435574
0.953733
0.878176
0.566824
0.625181
0.385770
0.546829
0.593446
0.626619
0.225705
0.176824
0.529865
0.354140
0.284113
0.604380
0.624320
0.313936
0.926936
0.602651
0.495647
0.637936
0.664864
0.476686
0.659672
0.939537
0.261267
0.869227
0.493271
0.714352
0.568596
0.954010
0.713900
0.651317
0.326719
0.814711
0.556742
0.684865
0.705753
0.514376
0.448239
0.666231
0.942760
0.583730
0.600799
0.457623
0.745616
0.239750
0.327061
0.737575
0.464994
0.694941
0.660749
0.551086
0.575782
0.697998
0.567473
0.773431
0.497073
0.614218
0.690599
0.560687
0.707028
0.579321
0.224354
0.589580
0.668850
0.826713
0.971983
0.597027
0.689787
0.616366
0.657563
0.611506
0.803198
0.406788
0.163297
0.392215
0.493436
0.544673
0.673719
0.645310
0.618112
0.416679
0.418900
0.482235
0.362197
0.530575
0.285984
0.622950
0.534332
0.496602
0.273983
0.572027
0.722498
0.195743
0.381316
0.714657
0.571258
0.304601
0.475346
0.435526
0.604415
0.921329
0.491514
0.241951
0.786860
0.566174
0.348877
0.683103
0.400414
0.629376
0.647495
0.673188
0.732364
0.592522
0.902171
0.479659
0.480027
0.593110
0.556634
0.444434
0.139124
0.526333
0.909628
0.487503
0.608605
0.282900
0.497779
0.452308
0.963855
0.487564
0.573003
0.605642
0.606865
0.584483
0.354102
0.444971
0.650714
0.647999
0.925554
0.525641
0.300109
0.419521
0.440777
0.502576
0.395805
0.706468
0.730811
0.400176
0.311592
0.678398
0.357715
0.396212
0.929427
0.627829
0.228867
0.700480
0.674675
0.922899
0.739189
0.532572
0.584650
0.879651
0.533899
0.859075
0.629709
0.555349
0.299892
0.168563
0.709062
0.383888
0.398613
0.344710
0.514469
0.557507
0.685334
0.949229
0.850398
0.632565
0.952480
0.521136
0.288732
0.358119
0.464459
0.614887
0.809933
0.604651
0.133225
0.044223
0.497653
0.550136
0.401934
0.588899
0.149183
0.499491
0.932878
0.707027
0.443236
0.630329
0.893953
0.358458
0.466653
0.591169
0.633815
0.510532
0.371745
0.895259
0.611320
0.487415
0.451022
0.874140
0.572708
0.478973
0.369832
0.661053
0.777048
0.659927
0.745701
0.441317
0.937298
0.228743
0.884529
0.866005
0.700452
0.362917
0.511410
0.737870
0.498289
0.777390
0.275389
0.515869
0.657978
0.923893
0.564441
0.583520
0.640678
0.599456
0.762518
0.917349
0.910489
0.315466
0.588279
0.869184
0.439102
0.507177
0.599095
0.948254
0.397819
0.498200
0.471384
0.926245
0.349705
0.604118
0.533329
0.911358
0.909839
0.585054
0.679007
0.577913
0.906353
0.558106
0.521542
0.447955
0.400698
0.551354
0.580846
0.543093
0.700316
0.304670
0.557459
0.474020
0.471226
0.675208
0.566302
0.936954
0.338038
0.207325
0.561021
0.543910
0.302993
0.407208
0.307867
0.536972
0.678332
0.512984
0.874889
0.538104
0.453541
0.936190
0.320291
0.569523
0.419602
0.741607
0.644640
0.563648
0.441469
0.531003
0.215110
0.550096
0.559887
0.404152
0.620047
0.563143
0.485717
0.489347
0.646817
0.913421
0.891426
0.365120
0.578375
0.471243
0.697477
0.686077
0.430896
0.914709
0.768993
0.629383
0.770030
0.688763
0.774719
0.422025
0.475621
0.473434
0.487625
0.618750
0.654867
0.182796
0.917596
0.594373
0.503113
0.937159
0.900571
0.605828
0.279124
0.735848
0.500465
0.650027
0.049356
0.573182
0.453854
0.529154
0.675345
0.934478
0.199138
0.177126
0.741139
0.569698
0.225863
0.735362
0.374654
0.555363
0.575636
0.301347
0.739666
0.656007
0.922102
0.296889
0.283627
0.707828
0.559983
0.329300
0.529904
0.753442
0.663988
0.360200
0.507009
0.363262
0.921225
0.487178
0.940998
0.444156
0.134979
0.527770
0.406308
0.314551
0.606244
0.497499
0.703314
0.626818
0.707601
0.895996
0.441806
0.689971
0.233626
0.399886
0.643871
0.356878
0.493736
0.504296
0.534010
0.250519
0.446483
0.633212
0.245584
0.684490
0.694102
0.716792
0.544293
0.629811
0.766661
0.589694
0.446988
0.233081
0.295790
0.411211
0.639713
0.594606
0.434002
0.558939
0.603213
0.731460
0.455959
0.568324
0.819009
0.940768
0.605286
0.925245
0.730319
0.168619
0.678987
0.943632
0.422745
0.923623
0.521855
0.659306
0.670156
0.512776
0.230593
0.711314
0.410766
0.499549
0.645788
0.617921
0.465013
0.839022
0.365006
0.518285
0.437989
0.550566
0.666137
0.477972
0.435837
0.342952
0.556434
0.406621
0.938572
0.398102
0.509223
0.677575
0.910257
0.670074
0.508637
0.736545
0.262217
0.563500
0.612491
0.518889
0.946366
0.549540
0.544933
0.454385
0.645459
0.650887
0.333567
0.414988
0.428428
0.587606
0.235267
0.470661
0.566346
0.694974
0.928173
0.633633
0.761798
0.627771
0.318637
0.422859
0.555997
0.378308
0.703444
0.506816
0.433967
0.440547
0.551522
0.588464
0.728198
0.695113
0.601193
0.368212
0.864197
0.652355
0.784346
0.244717
0.961630
0.487044
0.182649
0.570250
0.753580
0.344517
0.582352
0.441133
0.227478
0.573903
0.732321
0.709772
0.608504
0.972471
0.429100
0.561558
0.237505
0.466235
0.442660
0.695591
0.772641
0.519012
0.955243
0.558179
0.931828
0.236137
0.561747
0.642309
0.692757
0.176307
0.227171
0.145304
0.958489
0.201413
0.755050
0.830595
0.546930
0.543435
0.772620
0.174424
0.911026
0.813253
0.866251
0.758597
0.521030
0.510423
0.319785
0.552493
0.097258
0.288407
0.583391
0.608854
0.903913
0.530821
0.918589
0.519911
0.542606
0.616813
0.488672
0.785117
0.743861
0.810462
0.548049
0.534116
0.710556
0.099137
0.324980
0.508411
0.917228
0.621257
0.526702
0.630422
0.714608
0.798602
0.530290
0.529363
0.610376
0.544164
0.527144
0.214381
0.323863
0.403258
0.923316
0.520543
0.583290
0.532847
0.859841
0.482715
0.759308
0.701589
0.832669
0.126723
0.574243
0.695474
0.828330
0.523089
0.926749
0.335185
0.550052
0.618875
0.519323
0.552473
0.532617
0.714105
0.707662
0.481740
0.435812
0.899999
0.455701
0.713721
0.466497
0.455644
0.339919
0.698388
0.919948
0.572590
0.913323
0.356523
0.588640
0.566391
0.475004
0.550582
0.536518
0.514681
0.906138
0.612814
0.758836
0.422934
0.436559
0.516611
0.763561
0.777698
0.456291
0.832723
0.926231
0.790040
0.470861
0.616546
0.573630
0.612890
0.591438
0.403263
0.604575
0.531366
0.891185
0.480561
0.667054
0.499292
0.870639
0.909043
0.446376
0.865463
0.611853
0.570315
0.894268
0.463822
0.555872
0.632965
0.671740
0.740290
0.276432
0.725449
0.552226
0.926148
0.768115
0.007496
0.554494
0.461153
0.907941
0.630147
0.716188
0.772162
0.407964
0.918374
0.538716
0.201419
0.922212
0.568910
0.342948
0.674868
0.580215
0.576168
0.473312
0.463530
0.578022
0.625155
0.858809
0.817846
0.641256
0.676269
0.636615
0.424551
0.657106
0.392279
0.642125
0.555464
0.596388
0.939843
0.612141
0.912293
0.573743
0.495573
0.763059
0.696580
0.261009
0.655660
0.721938
0.313134
0.444774
0.481529
0.140191
0.569189
0.666245
0.728505
0.575252
0.465249
0.521410
0.543061
0.352104
0.774263
0.359185
0.617282
0.309740
0.400373
0.895715
0.534294
0.490920
0.505423
0.716658
0.679497
0.692433
0.251325
0.481502
0.621972
0.666166
0.563490
0.672180
0.728437
0.324985
0.478363
0.508102
0.959902
0.497632
0.347465
0.440491
0.557369
0.536952
0.544091
0.823568
0.366059
0.639018
0.779812
0.857796
0.490218
0.565546
0.897907
0.402591
0.482729
0.439457
0.612485
0.018109
0.567442
0.575074
0.511748
0.763294
0.549648
0.484481
0.911023
0.561013
0.980975
0.732052
0.724933
0.938986
0.663690
0.538439
0.447681
0.462368
0.676771
0.641327
0.561994
0.356533
0.379954
0.635024
0.497985
0.622794
0.672456
0.642613
0.156976
0.682123
0.546110
0.524552
0.916732
0.161838
0.474506
0.579585
0.762135
0.505153
0.690057
0.870803
0.547947
0.491680
0.621811
0.788391
0.540724
0.906830
0.561475
0.490634
0.377071
0.550155
0.748994
0.804354
0.494009
0.703118
0.105427
0.453296
0.504178
0.428595
0.470295
0.387903
0.441802
0.945526
0.593890
0.391502
0.327363
0.538712
0.879128
0.568374
0.534339
0.641004
0.177250
0.441885
0.460096
0.929026
0.525169
0.735758
0.900692
0.505804
0.425106
0.459753
0.541179
0.923870
0.481894
0.434184
0.365894
0.786350
0.931356
0.417364
0.159262
0.602137
0.930126
0.929439
0.092169
0.633689
0.458720
0.907596
0.480488
0.246773
0.926279
0.488529
0.359275
0.895602
0.178019
0.638751
0.548016
0.580714
0.754019
0.721375
0.123729
0.347518
0.559471
0.577280
0.910636
0.625629
0.276519
0.272990
0.510449
0.942788
0.479856
0.561607
0.808876
0.512434
0.523819
0.455968
0.532196
0.321367
0.111293
0.909416
0.536300
0.619883
0.888746
0.549670
0.365789
0.313733
0.581681
0.548228
0.500825
0.542128
0.953812
0.572495
0.551212
0.423118
0.664969
0.382512
0.549457
0.457351
0.859415
0.661452
0.581967
0.917944
0.709711
0.634124
0.622960
0.930218
0.648038
0.617634
0.384979
0.649596
0.916096
0.539469
0.531769
0.710620
0.569351
0.681331
0.916083
0.376431
0.317383
0.567425
0.320788
0.683525
0.945688
0.560946
0.544440
0.674734
0.360695
0.205833
0.730439
0.522756
0.545681
0.752083
0.358515
0.534313
0.413073
0.668928
0.516077
0.675205
0.925278
0.547161
0.717260
0.427442
0.722670
0.641831
0.609937
0.669860
0.520336
0.610528
0.882592
0.531498
0.498183
0.616300
0.643042
0.326924
0.416003
0.643023
0.410816
0.943136
0.584790
0.145057
0.450983
0.916030
0.653668
0.943713
0.610465
0.502308
0.145849
0.930993
0.922404
0.701916
0.658046
0.514751
0.281870
0.417813
0.695042
0.320618
0.873185
0.645028
0.739266
0.678641
0.414773
0.591598
0.603860
0.397101
0.284842
0.698469
0.651144
0.539360
0.554468
0.390630
0.230688
0.201275
0.680333
0.562660
0.676376
0.579020
0.504870
0.735299
0.403273
0.411788
0.581544
0.451888
0.709582
0.648426
0.952828
0.557846
0.612812
0.443494
0.712188
0.584535
0.507779
0.561319
0.445437
0.652655
0.515231
0.438220
0.517232
0.561288
0.758941
0.213062
0.124938
0.470200
0.592581
0.961915
0.519906
0.690384
0.147943
0.144153
0.938956
0.512139
0.577208
0.154627
0.493816
0.225695
0.356239
0.805640
0.792355
0.240144
0.510418
0.581777
0.509706
0.533746
0.343360
0.376341
0.729572
0.510434
0.492705
0.628887
0.510214
0.270923
0.929369
0.886829
0.420550
0.656153
0.888364
0.401504
0.607145
0.502825
0.927541
0.453628
0.355771
0.352937
0.697046
0.569985
0.652581
0.415286
0.803622
0.287541
0.697072
0.552534
0.607070
0.125641
0.131114
0.961578
0.924161
0.957037
0.629055
0.572826
0.676915
0.520396
0.598256
0.376836
0.530725
0.510093
0.664343
0.351795
0.450411
0.550292
0.283576
0.577183
0.447298
0.750203
0.183118
0.256530
0.633391
0.498818
0.597056
0.260745
0.773994
0.366716
0.368869
0.016664
0.926224
0.329610
0.634852
0.938647
0.919058
0.537983
0.581562
0.938235
0.700298
0.500933
0.700294
0.968020
0.876603
0.378925
0.378314
0.314024
0.603522
0.449458
0.737641
0.916014
0.915637
0.551341
0.615297
0.497833
0.207648
0.470871
0.541341
0.795830
0.463947
0.674146
0.364570
0.593023
0.139805
0.555069
0.915769
0.234173
0.523630
0.531517
0.588353
0.557669
0.901765
0.716765
0.483652
0.541949
0.401987
0.481469
0.630539
0.545687
0.574922
0.453558
0.570415
0.199163
0.443279
0.684092
0.111444
0.923683
0.898627
0.932241
0.488339
0.505454
0.338738
0.398846
0.702321
0.593228
0.144558
0.391618
0.433353
0.546903
0.482678
0.360795
0.676304
0.529781
0.381336
0.860107
0.448443
0.614950
0.375187
0.906180
0.411208
0.594137
0.571258
0.436431
0.631401
0.612484
0.884971
0.612477
0.480250
0.605587
0.625623
0.668118
0.408936
0.429046
0.568888
0.910023
0.679955
0.630284
0.494740
0.833629
0.482354
0.739376
0.228750
0.652183
0.925856
0.424152
0.896309
0.308563
0.917955
0.285055
0.648631
0.389770
0.474303
0.539316
0.625496
0.897162
0.680936
0.462892
0.577220
0.107693
0.704323
0.761103
0.458886
0.405654
0.661997
0.389702
0.936234
0.800646
0.467453
0.963929
0.565886
0.320676
0.928359
0.536736
0.638797
0.929693
0.540893
0.705148
0.532745
0.761628
0.942235
0.694211
0.557729
0.508471
0.501175
0.087613
0.639123
0.590988
0.463924
0.549197
0.544983
0.923237
0.597483
0.925026
0.896609
0.524335
0.592523
0.340035
0.562715
0.415231
0.626169
0.914352
0.659238
0.493311
0.912463
0.197504
0.719510
0.957246
0.458726
0.784373
0.691288
0.912326
0.523349
0.501389
0.475846
0.676289
0.540368
0.457749
0.792325
0.757884
0.516316
0.743799
0.619252
0.606209
0.471916
0.530155
0.442186
0.372516
0.250271
0.624797
0.498306
0.383917
0.566863
0.250921
0.420750
0.692908
0.877062
0.321411
0.674940
0.403646
0.787155
0.644727
0.609274
0.454231
0.899954
0.413115
0.371980
0.483150
0.491306
0.654367
0.525719
0.569277
0.461709
0.175205
0.207258
0.803857
0.600213
0.298092
0.543559
0.671628
0.406509
0.550678
0.627754
0.909935
0.914001
0.915295
0.344002
0.610482
0.967266
0.646616
0.620535
0.548038
0.271336
0.734746
0.608602
0.492233
0.282707
0.895893
0.382466
0.930619
0.433503
0.563724
0.522099
0.235954
0.595516
0.265817
0.700314
0.932376
0.530127
0.658148
0.705166
0.430401
0.626306
0.929827
0.945646
0.607110
0.269782
0.911032
0.607377
0.461420
0.440903
0.665284
0.515736
0.608885
0.232660
0.634889
0.447725
0.602614
0.318301
