30642
30525
30476
30473
30470
30468
30467
30458
30438
30426
30421
30416
30414
30366
30360
30358
30355
30354
30351
30348
30335
30331
30327
30319
30319
30317
30316
30313
30313
30308
30290
30289
30287
30286
30285
30285
30285
30281
30279
30276
30267
30263
30259
30254
30251
30236
30232
30231
30229
30228
30223
30217
30216
30214
30211
30211
30209
30208
30208
30202
30201
30199
30199
30198
30197
30197
30194
30190
30190
30190
30187
30187
30184
30183
30183
30182
30182
30179
30178
30177
30175
30175
30174
30170
30170
30170
30169
30168
30167
30165
30165
30165
30164
30163
30163
30163
30161
30161
30161
30161
30160
30160
30160
30159
30159
30157
30156
30155
30155
30155
30154
30153
30151
30151
30150
30150
30148
30148
30148
30147
30146
30145
30144
30143
30142
30141
30141
30140
30139
30137
30136
30136
30135
30135
30135
30134
30133
30133
30132
30131
30131
30131
30130
30130
30129
30129
30128
30128
30128
30127
30127
30127
30126
30126
30126
30125
30125
30125
30125
30124
30124
30124
30124
30124
30123
30123
30123
30122
30122
30122
30121
30121
30121
30120
30120
30119
30119
30119
30119
30118
30117
30117
30117
30116
30116
30116
30115
30115
30115
30114
30114
30114
30113
30113
30113
30113
30113
30113
30113
30112
30112
30110
30110
30110
30110
30109
30109
30108
30108
30107
30107
30107
30106
30106
30106
30106
30106
30106
30106
30105
30105
30105
30105
30105
30105
30105
30104
30104
30104
30104
30104
30104
30103
30103
30103
30103
30103
30102
30102
30102
30102
30102
30102
30102
30102
30101
30101
30101
30101
30101
30101
30101
30101
30101
30101
30101
30100
30100
30100
30100
30100
30100
30100
30100
30100
30099
30099
30099
30099
30099
30099
30098
30098
30098
30098
30098
30098
30098
30098
30098
30098
30097
30097
30097
30097
30097
30096
30096
30096
30096
30096
30096
30096
30096
30096
30095
30095
30095
30095
30095
30095
30095
30095
30095
30095
30095
30095
30095
30095
30095
30095
30094
30094
30094
30094
30094
30094
30093
30093
30093
30093
30093
30093
30092
30092
30092
30092
30092
30091
30091
30091
30091
30091
30091
30091
30091
30091
30091
30091
30091
30091
30090
30090
30090
30090
30090
30090
30090
30090
30090
30090
30090
30090
30090
30090
30090
30089
30089
30089
30089
30089
30089
30089
30089
30089
30089
30089
30089
30089
30089
30089
30088
30088
30088
30088
30088
30088
30088
30088
30088
30088
30088
30087
30087
30087
30087
30087
30087
30087
30087
30087
30086
30086
30086
30086
30086
30086
30086
30086
30086
30085
30085
30085
30085
30085
30085
30085
30085
30085
30085
30085
30085
30084
30084
30084
30084
30084
30084
30084
30084
30084
30084
30084
30083
30083
30083
30083
30083
30083
30083
30083
30083
30082
30082
30082
30082
30082
30082
30082
30082
30082
30082
30082
30082
30082
30082
30082
30082
30082
30081
30081
30081
30081
30081
30081
30081
30081
30081
30081
30081
30081
30081
30081
30081
30080
30080
30080
30080
30080
30080
30080
30080
30079
30079
30079
30079
30079
30079
30079
30079
30079
30079
30079
30079
30079
30079
30078
30078
30078
30078
30078
30078
30078
30078
30078
30078
30078
30078
30078
30078
30078
30077
30077
30077
30077
30077
30077
30077
30077
30077
30077
30077
30077
30077
30077
30077
30077
30077
30077
30077
30076
30076
30076
30076
30076
30076
30076
30076
30076
30076
30075
30075
30075
30075
30075
30075
30075
30075
30075
30075
30075
30075
30074
30074
30074
30074
30074
30074
30074
30074
30074
30074
30074
30074
30074
30073
30073
30073
30073
30073
30073
30073
30073
30073
30073
30073
30073
30073
30073
30073
30073
30073
30073
30073
30073
30072
30072
30072
30072
30072
30072
30072
30072
30072
30072
30072
30072
30071
30071
30071
30071
30071
30071
30071
30071
30071
30071
30071
30071
30071
30070
30070
30070
30070
30070
30070
30070
30070
30070
30070
30070
30070
30070
30070
30070
30070
30070
30070
30070
30070
30070
30070
30070
30070
30070
30070
30070
30069
30069
30069
30069
30069
30069
30069
30069
30069
30069
30069
30069
30069
30069
30069
30069
30069
30069
30069
30069
30068
30068
30068
30068
30068
30068
30068
30068
30068
30068
30068
30067
30067
30067
30067
30067
30067
30067
30067
30067
30067
30067
30067
30067
30067
30067
30067
30066
30066
30066
30066
30066
30066
30066
30066
30066
30066
30066
30066
30066
30065
30065
30065
30065
30065
30065
30065
30065
30065
30065
30065
30065
30065
30065
30065
30065
30064
30064
30064
30064
30064
30064
30064
30064
30064
30064
30064
30064
30064
30064
30064
30064
30064
30064
30064
30063
30063
30063
30063
30063
30063
30063
30063
30063
30063
30063
30063
30063
30063
30063
30063
30062
30062
30062
30062
30062
30062
30062
30062
30062
30062
30062
30062
30062
30062
30061
30061
30061
30061
30061
30061
30061
30061
30061
30061
30061
30061
30061
30061
30061
30060
30060
30060
30060
30060
30060
30060
30059
30059
30059
30059
30059
30059
30059
30059
30059
30059
30059
30059
30059
30059
30058
30058
30058
30058
30058
30058
30058
30058
30058
30058
30058
30058
30057
30057
30057
30057
30057
30057
30057
30057
30057
30057
30057
30057
30057
30057
30057
30057
30057
30057
30057
30057
30057
30057
30057
30057
30057
30056
30056
30056
30056
30056
30056
30056
30056
30056
30056
30056
30056
30056
30056
30056
30056
30056
30055
30055
30055
30055
30055
30055
30055
30055
30055
30055
30055
30055
30055
30055
30054
30054
30054
30054
30054
30054
30054
30054
30054
30054
30054
30054
30054
30054
30054
30054
30053
30053
30053
30053
30053
30053
30053
30053
30053
30053
30053
30053
30053
30053
30053
30053
30053
30053
30053
30052
30052
30052
30052
30052
30052
30052
30052
30052
30052
30052
30052
30051
30051
30051
30051
30051
30051
30051
30051
30051
30051
30051
30051
30051
30051
30051
30051
30051
30051
30051
30051
30051
30051
30051
30050
30050
30050
30050
30050
30050
30050
30050
30050
30050
30050
30050
30050
30050
30050
30050
30050
30050
30049
30049
30049
30049
30049
30049
30049
30049
30049
30049
30049
30049
30049
30049
30049
30049
30049
30049
30049
30049
30049
30049
30048
30048
30048
30048
30048
30048
30048
30048
30048
30048
30048
30048
30047
30047
30047
30047
30047
30047
30047
30047
30047
30047
30047
30047
30047
30047
30047
30047
30047
30046
30046
30046
30046
30046
30046
30046
30046
30046
30046
30046
30046
30046
30046
30046
30046
30046
30045
30045
30045
30045
30045
30045
30045
30045
30045
30045
30045
30045
30045
30045
30045
30045
30045
30045
30045
30045
30045
30045
30045
30044
30044
30044
30044
30044
30044
30044
30044
30044
30044
30044
30044
30044
30044
30044
30044
30044
30044
30043
30043
30043
30043
30043
30043
30043
30043
30043
30043
30043
30043
30043
30042
30042
30042
30042
30042
30042
30042
30042
30042
30042
30042
30042
30042
30042
30042
30042
30042
30042
30042
30042
30042
30042
30042
30042
30042
30041
30041
30041
30041
30041
30041
30041
30041
30041
30041
30041
30041
30041
30041
30041
30041
30041
30041
30041
30040
30040
30040
30040
30040
30040
30040
30040
30040
30040
30040
30040
30040
30040
30040
30040
30040
30040
30040
30040
30040
30040
30040
30039
30039
30039
30039
30039
30039
30039
30039
30039
30039
30039
30039
30039
30039
30039
30039
30039
30039
30039
30039
30039
30039
30039
30039
30038
30038
30038
30038
30038
30038
30038
30038
30038
30038
30038
30038
30038
30038
30038
30038
30038
30038
30038
30038
30038
30037
30037
30037
30037
30037
30037
30037
30037
30037
30037
30037
30037
30037
30037
30037
30037
30037
30037
30037
30037
30037
30037
30037
30036
30036
30036
30036
30036
30036
30036
30036
30036
30036
30036
30036
30036
30036
30036
30036
30036
30036
30036
30036
30036
30036
30036
30036
30036
30036
30036
30035
30035
30035
30035
30035
30035
30035
30035
30035
30035
30035
30035
30035
30035
30035
30035
30034
30034
30034
30034
30034
30034
30034
30034
30034
30034
30034
30034
30034
30034
30034
30034
30034
30034
30034
30034
30034
30033
30033
30033
30033
30033
30033
30033
30033
30033
30033
30033
30033
30033
30033
30033
30033
30033
30033
30033
30033
30033
30032
30032
30032
30032
30032
30032
30032
30032
30032
30032
30032
30032
30032
30032
30032
30032
30032
30032
30032
30032
30032
30032
30031
30031
30031
30031
30031
30031
30031
30031
30031
30031
30031
30031
30031
30031
30031
30031
30031
30031
30031
30031
30030
30030
30030
30030
30030
30030
30030
30030
30030
30030
30030
30030
30030
30030
30030
30029
30029
30029
30029
30029
30029
30029
30029
30029
30029
30029
30029
30029
30029
30029
30029
30029
30029
30029
30028
30028
30028
30028
30028
30028
30028
30028
30028
30028
30028
30028
30028
30028
30028
30028
30028
30027
30027
30027
30027
30027
30027
30027
30027
30027
30027
30027
30027
30027
30027
30027
30027
30027
30027
30027
30027
30027
30027
30027
30027
30027
30027
30027
30027
30026
30026
30026
30026
30026
30026
30026
30026
30026
30026
30026
30026
30026
30026
30026
30025
30025
30025
30025
30025
30025
30025
30025
30025
30025
30025
30025
30025
30025
30025
30024
30024
30024
30024
30024
30024
30024
30024
30024
30024
30024
30024
30024
30024
30024
30024
30024
30024
30024
30024
30024
30023
30023
30023
30023
30023
30023
30023
30023
30023
30023
30023
30023
30023
30023
30023
30023
30023
30023
30023
30022
30022
30022
30022
30022
30022
30022
30022
30022
30022
30022
30022
30022
30022
30022
30022
30022
30022
30022
30022
30021
30021
30021
30021
30021
30021
30021
30021
30021
30021
30021
30021
30021
30021
30021
30021
30021
30021
30021
30021
30021
30021
30021
30021
30021
30021
30020
30020
30020
30020
30020
30020
30020
30020
30020
30020
30020
30020
30020
30020
30020
30020
30020
30020
30020
30020
30020
30019
30019
30019
30019
30019
30019
30019
30019
30019
30019
30019
30019
30019
30019
30019
30019
30019
30019
30018
30018
30018
30018
30018
30018
30018
30018
30018
30018
30018
30018
30018
30018
30018
30018
30018
30018
30018
30018
30018
30018
30018
30018
30018
30017
30017
30017
30017
30017
30017
30017
30017
30017
30017
30017
30017
30017
30017
30016
30016
30016
30016
30016
30016
30016
30016
30016
30016
30016
30016
30016
30016
30016
30016
30016
30015
30015
30015
30015
30015
30015
30015
30015
30015
30015
30015
30015
30015
30015
30015
30015
30015
30015
30015
30014
30014
30014
30014
30014
30014
30014
30014
30014
30014
30014
30013
30013
30013
30013
30013
30013
30013
30013
30013
30013
30013
30013
30013
30013
30013
30013
30013
30013
30013
30013
30013
30013
30013
30013
30012
30012
30012
30012
30012
30012
30012
30012
30012
30012
30012
30012
30012
30012
30012
30012
30012
30012
30012
30012
30012
30012
30011
30011
30011
30011
30011
30011
30011
30011
30011
30011
30011
30011
30011
30011
30011
30011
30011
30011
30011
30011
30010
30010
30010
30010
30010
30010
30010
30010
30010
30010
30010
30010
30010
30010
30010
30010
30010
30010
30010
30010
30010
30010
30009
30009
30009
30009
30009
30009
30009
30009
30009
30009
30009
30009
30009
30009
30009
30009
30009
30009
30009
30009
30009
30009
30009
30009
30008
30008
30008
30008
30008
30008
30008
30008
30008
30008
30008
30008
30008
30008
30008
30008
30008
30008
30008
30008
30008
30008
30008
30008
30008
30008
30008
30007
30007
30007
30007
30007
30007
30007
30007
30007
30007
30007
30007
30007
30007
30007
30007
30007
30007
30007
30006
30006
30006
30006
30006
30006
30006
30006
30006
30006
30006
30006
30006
30006
30006
30006
30006
30006
30006
30006
30006
30006
30006
30006
30005
30005
30005
30005
30005
30005
30005
30005
30005
30005
30005
30005
30005
30005
30005
30005
30005
30005
30005
30004
30004
30004
30004
30004
30004
30004
30004
30004
30004
30004
30004
30004
30004
30004
30004
30004
30004
30004
30004
30004
30004
30003
30003
30003
30003
30003
30003
30003
30003
30003
30003
30003
30003
30003
30003
30003
30003
30003
30003
30002
30002
30002
30002
30002
30002
30002
30002
30002
30002
30002
30002
30002
30002
30002
30002
30002
30002
30002
30002
30002
30002
30002
30001
30001
30001
30001
30001
30001
30001
30001
30001
30001
30001
30001
30001
30001
30001
30001
30001
30001
30001
30000
30000
30000
30000
30000
30000
30000
30000
30000
30000
30000
30000
30000
30000
30000
30000
30000
30000
29999
29999
29999
29999
29999
29999
29999
29999
29999
29999
29999
29999
29999
29999
29999
29999
29999
29999
29999
29999
29999
29999
29999
29999
29999
29999
29999
29999
29999
29999
29999
29999
29999
29998
29998
29998
29998
29998
29998
29998
29998
29998
29998
29998
29998
29998
29998
29998
29998
29998
29998
29998
29998
29998
29998
29998
29998
29998
29998
29998
29998
29998
29997
29997
29997
29997
29997
29997
29997
29997
29997
29997
29997
29997
29997
29997
29997
29997
29997
29997
29997
29997
29997
29997
29997
29997
29996
29996
29996
29996
29996
29996
29996
29996
29996
29996
29996
29996
29996
29996
29996
29996
29996
29996
29996
29996
29996
29996
29996
29996
29996
29996
29996
29995
29995
29995
29995
29995
29995
29995
29995
29995
29995
29995
29995
29995
29995
29995
29995
29995
29995
29995
29994
29994
29994
29994
29994
29994
29994
29994
29994
29994
29994
29994
29994
29994
29994
29994
29994
29993
29993
29993
29993
29993
29993
29993
29993
29993
29993
29993
29993
29993
29993
29993
29993
29993
29993
29993
29993
29993
29992
29992
29992
29992
29992
29992
29992
29992
29992
29992
29992
29992
29992
29992
29992
29992
29992
29992
29991
29991
29991
29991
29991
29991
29991
29991
29991
29991
29991
29991
29991
29991
29991
29991
29991
29991
29991
29991
29991
29991
29991
29991
29991
29991
29991
29991
29990
29990
29990
29990
29990
29990
29990
29990
29990
29990
29990
29990
29990
29990
29990
29990
29990
29990
29990
29990
29990
29989
29989
29989
29989
29989
29989
29989
29989
29989
29989
29989
29989
29989
29989
29989
29989
29989
29989
29989
29989
29989
29988
29988
29988
29988
29988
29988
29988
29988
29988
29988
29988
29988
29988
29988
29988
29987
29987
29987
29987
29987
29987
29987
29987
29987
29987
29987
29987
29987
29987
29987
29987
29987
29987
29987
29987
29987
29987
29986
29986
29986
29986
29986
29986
29986
29986
29986
29986
29986
29986
29986
29986
29986
29986
29986
29986
29986
29985
29985
29985
29985
29985
29985
29985
29985
29985
29985
29985
29985
29985
29985
29985
29985
29985
29985
29985
29985
29985
29985
29985
29985
29985
29985
29985
29985
29984
29984
29984
29984
29984
29984
29984
29984
29984
29984
29984
29984
29984
29984
29984
29984
29984
29984
29983
29983
29983
29983
29983
29983
29983
29983
29983
29983
29983
29983
29983
29983
29983
29983
29983
29982
29982
29982
29982
29982
29982
29982
29982
29982
29982
29982
29982
29982
29982
29982
29981
29981
29981
29981
29981
29981
29981
29981
29981
29981
29981
29981
29981
29981
29981
29981
29981
29981
29981
29981
29981
29980
29980
29980
29980
29980
29980
29980
29980
29980
29980
29980
29980
29980
29980
29980
29980
29979
29979
29979
29979
29979
29979
29979
29979
29979
29979
29979
29979
29979
29979
29979
29979
29979
29979
29979
29979
29978
29978
29978
29978
29978
29978
29978
29978
29978
29978
29978
29978
29978
29978
29978
29978
29978
29978
29978
29978
29978
29978
29978
29978
29977
29977
29977
29977
29977
29977
29977
29977
29977
29977
29977
29977
29977
29977
29977
29977
29977
29977
29976
29976
29976
29976
29976
29976
29976
29976
29976
29976
29976
29976
29976
29976
29976
29976
29976
29976
29976
29976
29976
29976
29976
29976
29976
29976
29976
29975
29975
29975
29975
29975
29975
29975
29975
29975
29975
29975
29975
29975
29975
29975
29975
29975
29975
29975
29975
29975
29974
29974
29974
29974
29974
29974
29974
29974
29974
29974
29974
29974
29974
29974
29974
29974
29974
29974
29974
29974
29974
29973
29973
29973
29973
29973
29973
29973
29973
29973
29973
29973
29973
29973
29973
29973
29972
29972
29972
29972
29972
29972
29972
29972
29972
29972
29972
29972
29972
29972
29972
29972
29972
29972
29972
29972
29972
29972
29971
29971
29971
29971
29971
29971
29971
29971
29971
29971
29971
29971
29971
29971
29971
29971
29971
29971
29971
29971
29971
29971
29971
29971
29971
29971
29971
29970
29970
29970
29970
29970
29970
29970
29970
29970
29970
29970
29970
29970
29970
29970
29970
29970
29970
29970
29970
29970
29970
29969
29969
29969
29969
29969
29969
29969
29969
29969
29969
29969
29969
29969
29969
29969
29969
29969
29969
29969
29969
29969
29969
29969
29969
29969
29968
29968
29968
29968
29968
29968
29968
29968
29968
29968
29968
29968
29968
29968
29968
29968
29968
29968
29968
29968
29968
29968
29968
29968
29968
29967
29967
29967
29967
29967
29967
29967
29967
29967
29967
29967
29967
29967
29967
29967
29967
29967
29967
29967
29967
29967
29967
29967
29967
29967
29966
29966
29966
29966
29966
29966
29966
29966
29966
29966
29966
29966
29966
29966
29966
29966
29966
29966
29966
29966
29966
29966
29966
29965
29965
29965
29965
29965
29965
29965
29965
29965
29965
29965
29965
29965
29965
29965
29965
29965
29965
29965
29965
29965
29965
29964
29964
29964
29964
29964
29964
29964
29964
29964
29964
29964
29964
29964
29964
29964
29964
29964
29964
29964
29964
29964
29964
29963
29963
29963
29963
29963
29963
29963
29963
29963
29963
29963
29963
29963
29963
29963
29963
29963
29963
29963
29963
29963
29963
29963
29963
29963
29963
29963
29963
29963
29962
29962
29962
29962
29962
29962
29962
29962
29962
29962
29962
29962
29962
29962
29962
29962
29962
29962
29962
29962
29962
29962
29962
29962
29962
29962
29962
29961
29961
29961
29961
29961
29961
29961
29961
29961
29961
29961
29961
29961
29961
29961
29961
29961
29961
29961
29961
29961
29960
29960
29960
29960
29960
29960
29960
29960
29960
29960
29960
29960
29960
29960
29960
29960
29960
29960
29960
29960
29960
29960
29960
29960
29960
29959
29959
29959
29959
29959
29959
29959
29959
29959
29959
29959
29959
29959
29959
29959
29959
29959
29959
29959
29959
29959
29959
29959
29959
29959
29958
29958
29958
29958
29958
29958
29958
29958
29958
29958
29958
29958
29958
29958
29958
29958
29958
29958
29958
29958
29957
29957
29957
29957
29957
29957
29957
29957
29957
29957
29957
29957
29957
29957
29957
29957
29957
29957
29957
29957
29957
29957
29957
29956
29956
29956
29956
29956
29956
29956
29956
29956
29956
29956
29956
29956
29956
29956
29956
29956
29956
29956
29956
29956
29956
29956
29956
29956
29956
29955
29955
29955
29955
29955
29955
29955
29955
29955
29955
29955
29955
29955
29955
29955
29955
29955
29955
29955
29955
29955
29955
29955
29954
29954
29954
29954
29954
29954
29954
29954
29954
29954
29954
29954
29954
29954
29954
29954
29954
29954
29954
29954
29954
29954
29954
29954
29954
29953
29953
29953
29953
29953
29953
29953
29953
29953
29953
29953
29953
29953
29953
29953
29953
29953
29952
29952
29952
29952
29952
29952
29952
29952
29952
29952
29952
29952
29952
29952
29952
29952
29952
29952
29952
29952
29952
29952
29951
29951
29951
29951
29951
29951
29951
29951
29951
29951
29951
29951
29951
29951
29951
29951
29951
29951
29951
29951
29950
29950
29950
29950
29950
29950
29950
29950
29950
29950
29950
29950
29950
29950
29950
29950
29950
29950
29950
29950
29950
29950
29950
29950
29950
29950
29950
29950
29950
29950
29950
29950
29949
29949
29949
29949
29949
29949
29949
29949
29949
29949
29949
29949
29949
29949
29949
29949
29949
29949
29949
29949
29949
29948
29948
29948
29948
29948
29948
29948
29948
29948
29948
29948
29948
29948
29948
29948
29948
29947
29947
29947
29947
29947
29947
29947
29947
29947
29947
29947
29947
29947
29947
29946
29946
29946
29946
29946
29946
29946
29946
29946
29946
29946
29946
29946
29946
29946
29946
29945
29945
29945
29945
29945
29945
29945
29945
29945
29945
29945
29945
29945
29945
29945
29945
29945
29945
29944
29944
29944
29944
29944
29944
29944
29944
29944
29944
29944
29944
29943
29943
29943
29943
29943
29943
29943
29943
29943
29943
29943
29943
29943
29942
29942
29942
29942
29942
29942
29942
29942
29942
29942
29942
29942
29942
29942
29942
29942
29942
29942
29942
29941
29941
29941
29941
29941
29941
29941
29941
29941
29941
29941
29941
29941
29941
29941
29941
29940
29940
29940
29940
29940
29940
29940
29940
29940
29940
29940
29940
29940
29940
29940
29940
29940
29939
29939
29939
29939
29939
29939
29939
29939
29939
29939
29939
29939
29939
29939
29939
29939
29939
29939
29939
29939
29939
29939
29939
29938
29938
29938
29938
29938
29938
29938
29938
29938
29938
29938
29938
29938
29938
29938
29938
29938
29938
29938
29938
29938
29938
29938
29938
29938
29938
29937
29937
29937
29937
29937
29937
29937
29937
29937
29937
29937
29937
29937
29937
29937
29937
29937
29937
29937
29937
29937
29936
29936
29936
29936
29936
29936
29936
29936
29936
29936
29936
29936
29936
29936
29936
29936
29935
29935
29935
29935
29935
29935
29935
29935
29935
29935
29935
29935
29935
29935
29935
29935
29935
29935
29935
29934
29934
29934
29934
29934
29934
29934
29934
29934
29934
29934
29934
29934
29934
29934
29934
29934
29934
29934
29934
29934
29934
29934
29934
29934
29933
29933
29933
29933
29933
29933
29933
29933
29933
29933
29933
29933
29933
29933
29933
29933
29933
29933
29933
29932
29932
29932
29932
29932
29932
29932
29932
29932
29932
29932
29932
29932
29932
29932
29932
29932
29932
29932
29931
29931
29931
29931
29931
29931
29931
29931
29931
29931
29931
29931
29931
29931
29931
29931
29931
29931
29931
29931
29931
29930
29930
29930
29930
29930
29930
29930
29930
29930
29930
29930
29930
29930
29930
29930
29930
29929
29929
29929
29929
29929
29929
29929
29929
29929
29929
29929
29929
29929
29929
29929
29929
29929
29928
29928
29928
29928
29928
29928
29928
29928
29928
29928
29928
29928
29928
29928
29928
29928
29928
29928
29928
29928
29928
29928
29927
29927
29927
29927
29927
29927
29927
29927
29927
29927
29927
29927
29927
29927
29927
29927
29927
29927
29927
29927
29927
29927
29927
29927
29927
29927
29927
29927
29927
29927
29927
29927
29927
29927
29927
29926
29926
29926
29926
29926
29926
29926
29926
29926
29926
29926
29926
29926
29926
29926
29926
29926
29926
29926
29926
29926
29926
29926
29926
29926
29926
29926
29925
29925
29925
29925
29925
29925
29925
29925
29925
29925
29925
29925
29925
29925
29925
29925
29925
29925
29925
29925
29925
29925
29925
29925
29925
29924
29924
29924
29924
29924
29924
29924
29924
29924
29924
29924
29924
29924
29924
29924
29924
29924
29924
29924
29924
29924
29924
29924
29924
29924
29924
29924
29923
29923
29923
29923
29923
29923
29923
29923
29923
29923
29923
29923
29923
29923
29923
29923
29923
29923
29923
29923
29923
29923
29923
29923
29923
29923
29923
29923
29922
29922
29922
29922
29922
29922
29922
29922
29922
29922
29922
29922
29922
29922
29922
29922
29922
29922
29922
29922
29921
29921
29921
29921
29921
29921
29921
29921
29921
29921
29921
29921
29921
29921
29921
29921
29921
29921
29921
29921
29920
29920
29920
29920
29920
29920
29920
29920
29920
29920
29920
29920
29920
29920
29920
29920
29920
29920
29920
29920
29920
29920
29920
29919
29919
29919
29919
29919
29919
29919
29919
29919
29919
29919
29919
29919
29919
29919
29919
29919
29919
29919
29919
29918
29918
29918
29918
29918
29918
29918
29918
29918
29918
29918
29918
29918
29918
29918
29918
29918
29918
29918
29917
29917
29917
29917
29917
29917
29917
29917
29917
29917
29917
29917
29917
29917
29917
29917
29916
29916
29916
29916
29916
29916
29916
29916
29916
29916
29916
29916
29916
29916
29916
29916
29916
29916
29916
29916
29916
29916
29916
29916
29915
29915
29915
29915
29915
29915
29915
29915
29915
29915
29915
29915
29915
29915
29915
29915
29915
29915
29915
29914
29914
29914
29914
29914
29914
29914
29914
29914
29914
29914
29914
29914
29914
29914
29914
29914
29914
29914
29914
29914
29914
29913
29913
29913
29913
29913
29913
29913
29913
29913
29913
29913
29913
29913
29913
29912
29912
29912
29912
29912
29912
29912
29912
29912
29912
29912
29912
29912
29912
29911
29911
29911
29911
29911
29911
29911
29911
29911
29911
29911
29911
29911
29911
29911
29911
29911
29911
29911
29911
29910
29910
29910
29910
29910
29910
29910
29910
29910
29910
29910
29910
29910
29910
29910
29910
29910
29910
29910
29909
29909
29909
29909
29909
29909
29909
29909
29909
29909
29909
29909
29909
29909
29909
29909
29909
29909
29908
29908
29908
29908
29908
29908
29908
29908
29908
29908
29908
29908
29908
29908
29908
29908
29908
29907
29907
29907
29907
29907
29907
29907
29907
29907
29907
29907
29907
29907
29907
29907
29907
29907
29907
29907
29907
29907
29907
29906
29906
29906
29906
29906
29906
29906
29906
29906
29906
29906
29906
29906
29906
29906
29906
29906
29906
29906
29906
29906
29906
29906
29906
29905
29905
29905
29905
29905
29905
29905
29905
29905
29905
29905
29905
29905
29904
29904
29904
29904
29904
29904
29904
29904
29904
29904
29904
29904
29904
29904
29904
29904
29904
29904
29904
29904
29904
29904
29904
29904
29903
29903
29903
29903
29903
29903
29903
29903
29903
29903
29903
29903
29903
29903
29903
29903
29903
29903
29903
29903
29903
29903
29903
29903
29903
29902
29902
29902
29902
29902
29902
29902
29902
29902
29902
29902
29902
29902
29902
29902
29902
29902
29902
29902
29902
29902
29902
29902
29902
29902
29902
29902
29902
29902
29902
29902
29901
29901
29901
29901
29901
29901
29901
29901
29901
29901
29901
29901
29901
29901
29901
29901
29901
29901
29901
29901
29901
29901
29901
29901
29900
29900
29900
29900
29900
29900
29900
29900
29900
29900
29900
29900
29900
29900
29900
29900
29900
29900
29900
29900
29900
29900
29900
29900
29900
29900
29900
29900
29900
29900
29900
29899
29899
29899
29899
29899
29899
29899
29899
29899
29899
29899
29899
29899
29899
29899
29899
29899
29899
29899
29899
29899
29899
29899
29899
29898
29898
29898
29898
29898
29898
29898
29898
29898
29898
29898
29898
29898
29898
29898
29898
29898
29898
29898
29898
29898
29898
29898
29898
29898
29898
29897
29897
29897
29897
29897
29897
29897
29897
29897
29897
29897
29897
29897
29897
29897
29897
29897
29897
29896
29896
29896
29896
29896
29896
29896
29896
29896
29896
29896
29896
29896
29896
29896
29896
29896
29896
29896
29896
29896
29896
29896
29896
29896
29896
29896
29895
29895
29895
29895
29895
29895
29895
29895
29895
29895
29895
29895
29895
29895
29895
29895
29895
29895
29895
29895
29895
29895
29895
29895
29895
29895
29895
29894
29894
29894
29894
29894
29894
29894
29894
29894
29894
29894
29894
29894
29894
29894
29894
29894
29894
29894
29894
29893
29893
29893
29893
29893
29893
29893
29893
29893
29893
29893
29893
29893
29893
29893
29893
29893
29893
29893
29893
29893
29893
29892
29892
29892
29892
29892
29892
29892
29892
29892
29892
29892
29892
29892
29892
29892
29892
29892
29892
29892
29892
29892
29892
29892
29892
29892
29892
29892
29891
29891
29891
29891
29891
29891
29891
29891
29891
29891
29891
29891
29891
29891
29891
29891
29891
29891
29891
29891
29891
29891
29891
29890
29890
29890
29890
29890
29890
29890
29890
29890
29890
29890
29890
29890
29890
29890
29890
29889
29889
29889
29889
29889
29889
29889
29889
29889
29889
29889
29889
29889
29889
29888
29888
29888
29888
29888
29888
29888
29888
29888
29888
29888
29888
29888
29888
29888
29888
29888
29888
29887
29887
29887
29887
29887
29887
29887
29887
29887
29887
29887
29887
29887
29887
29887
29887
29887
29887
29887
29887
29887
29887
29887
29887
29886
29886
29886
29886
29886
29886
29886
29886
29886
29886
29886
29885
29885
29885
29885
29885
29885
29885
29885
29885
29885
29885
29885
29885
29885
29885
29885
29884
29884
29884
29884
29884
29884
29884
29884
29884
29884
29884
29884
29884
29884
29884
29884
29883
29883
29883
29883
29883
29883
29883
29883
29883
29883
29883
29883
29883
29883
29883
29883
29883
29883
29883
29883
29882
29882
29882
29882
29882
29882
29882
29882
29882
29882
29882
29882
29882
29882
29882
29881
29881
29881
29881
29881
29881
29881
29881
29881
29881
29881
29881
29881
29881
29881
29881
29881
29881
29881
29881
29881
29881
29881
29881
29881
29881
29881
29881
29881
29881
29880
29880
29880
29880
29880
29880
29880
29880
29880
29880
29880
29880
29880
29880
29880
29880
29880
29880
29880
29880
29879
29879
29879
29879
29879
29879
29879
29879
29879
29879
29879
29879
29879
29879
29879
29879
29879
29878
29878
29878
29878
29878
29878
29878
29878
29878
29878
29878
29878
29878
29878
29878
29878
29878
29878
29878
29877
29877
29877
29877
29877
29877
29877
29877
29877
29877
29877
29877
29877
29877
29877
29876
29876
29876
29876
29876
29876
29876
29876
29876
29876
29876
29876
29876
29876
29876
29876
29876
29876
29876
29876
29875
29875
29875
29875
29875
29875
29875
29875
29875
29875
29875
29875
29875
29875
29874
29874
29874
29874
29874
29874
29874
29874
29874
29874
29874
29874
29874
29874
29874
29874
29874
29874
29874
29873
29873
29873
29873
29873
29873
29873
29873
29873
29873
29873
29872
29872
29872
29872
29872
29872
29872
29872
29872
29872
29872
29872
29872
29872
29872
29872
29872
29871
29871
29871
29871
29871
29871
29871
29871
29871
29871
29871
29871
29871
29871
29871
29871
29871
29871
29871
29871
29871
29871
29871
29871
29871
29871
29871
29871
29871
29871
29871
29870
29870
29870
29870
29870
29870
29870
29870
29870
29870
29870
29870
29870
29870
29870
29870
29869
29869
29869
29869
29869
29869
29869
29869
29869
29869
29869
29869
29869
29869
29868
29868
29868
29868
29868
29868
29868
29868
29868
29868
29868
29868
29868
29868
29868
29868
29868
29867
29867
29867
29867
29867
29867
29867
29867
29867
29867
29867
29866
29866
29866
29866
29866
29866
29866
29866
29866
29866
29866
29866
29866
29866
29866
29866
29866
29866
29866
29865
29865
29865
29865
29865
29865
29865
29865
29865
29865
29865
29865
29865
29865
29865
29865
29865
29865
29865
29865
29865
29865
29865
29865
29865
29865
29865
29864
29864
29864
29864
29864
29864
29864
29864
29864
29864
29864
29864
29864
29864
29864
29864
29864
29864
29864
29864
29864
29864
29864
29864
29864
29864
29863
29863
29863
29863
29863
29863
29863
29863
29863
29863
29863
29863
29863
29863
29863
29863
29863
29863
29863
29863
29862
29862
29862
29862
29862
29862
29862
29862
29862
29862
29862
29862
29862
29862
29862
29862
29862
29862
29861
29861
29861
29861
29861
29861
29861
29861
29861
29861
29861
29861
29861
29861
29861
29861
29861
29861
29861
29861
29860
29860
29860
29860
29860
29860
29860
29860
29860
29860
29860
29860
29860
29860
29860
29860
29860
29860
29860
29860
29860
29860
29860
29859
29859
29859
29859
29859
29859
29859
29859
29859
29859
29859
29859
29859
29859
29859
29859
29859
29859
29859
29859
29858
29858
29858
29858
29858
29858
29858
29858
29858
29858
29858
29858
29858
29858
29858
29858
29858
29857
29857
29857
29857
29857
29857
29857
29857
29857
29857
29857
29857
29857
29857
29857
29857
29857
29857
29857
29857
29857
29857
29857
29857
29857
29857
29857
29857
29857
29856
29856
29856
29856
29856
29856
29856
29856
29856
29856
29855
29855
29855
29855
29855
29855
29855
29855
29855
29855
29855
29855
29855
29855
29855
29855
29855
29854
29854
29854
29854
29854
29854
29854
29854
29854
29854
29853
29853
29853
29853
29853
29853
29853
29853
29853
29853
29853
29853
29853
29853
29853
29853
29853
29853
29852
29852
29852
29852
29852
29852
29852
29852
29852
29852
29852
29852
29851
29851
29851
29851
29851
29851
29851
29851
29851
29851
29851
29851
29851
29851
29850
29850
29850
29850
29850
29850
29850
29850
29850
29850
29850
29850
29850
29850
29849
29849
29849
29849
29849
29849
29849
29849
29848
29848
29848
29848
29848
29848
29848
29847
29847
29847
29847
29847
29847
29847
29847
29847
29846
29846
29846
29846
29846
29846
29846
29846
29846
29846
29845
29845
29845
29845
29845
29845
29845
29845
29845
29845
29845
29845
29844
29844
29844
29844
29844
29844
29844
29844
29843
29843
29843
29843
29843
29843
29843
29843
29843
29843
29842
29842
29842
29842
29842
29842
29842
29842
29842
29842
29842
29842
29841
29841
29841
29841
29841
29841
29841
29841
29841
29841
29840
29840
29840
29840
29840
29840
29840
29840
29840
29839
29839
29839
29839
29839
29839
29839
29839
29839
29839
29839
29839
29839
29838
29838
29838
29838
29838
29838
29838
29838
29838
29838
29837
29837
29837
29837
29837
29837
29837
29837
29837
29837
29837
29837
29836
29836
29836
29836
29836
29836
29836
29836
29835
29835
29835
29835
29835
29835
29835
29835
29835
29835
29835
29835
29834
29834
29834
29834
29834
29834
29834
29834
29834
29834
29834
29834
29834
29834
29833
29833
29833
29833
29833
29833
29833
29833
29833
29833
29833
29832
29832
29832
29832
29832
29832
29832
29832
29831
29831
29831
29831
29831
29831
29831
29831
29831
29831
29831
29831
29831
29830
29830
29830
29830
29830
29830
29830
29830
29830
29829
29829
29829
29829
29829
29829
29829
29829
29829
29829
29828
29828
29828
29828
29828
29828
29828
29828
29828
29828
29828
29828
29828
29827
29827
29827
29827
29827
29827
29827
29827
29826
29826
29826
29826
29826
29826
29826
29826
29826
29826
29826
29826
29826
29826
29826
29826
29825
29825
29825
29825
29825
29825
29825
29825
29825
29825
29825
29825
29824
29824
29824
29824
29823
29823
29823
29823
29823
29823
29823
29823
29823
29823
29823
29822
29822
29822
29822
29822
29822
29822
29822
29822
29821
29821
29821
29821
29820
29820
29820
29820
29819
29819
29819
29818
29818
29818
29818
29817
29817
29817
29817
29817
29817
29816
29816
29816
29816
29816
29816
29816
29816
29815
29815
29815
29815
29815
29814
29814
29814
29814
29814
29814
29814
29814
29813
29813
29813
29813
29813
29813
29813
29813
29813
29813
29812
29812
29812
29812
29812
29812
29812
29811
29811
29811
29811
29811
29811
29811
29811
29811
29811
29810
29810
29810
29810
29810
29810
29810
29810
29810
29810
29810
29810
29810
29810
29809
29809
29809
29809
29809
29809
29809
29808
29808
29808
29808
29808
29808
29807
29807
29807
29807
29807
29807
29807
29806
29806
29806
29806
29806
29806
29806
29806
29805
29805
29805
29805
29805
29805
29805
29805
29805
29805
29805
29805
29804
29804
29804
29804
29804
29804
29804
29804
29803
29803
29803
29803
29803
29803
29803
29803
29802
29802
29802
29802
29802
29802
29802
29802
29802
29802
29802
29802
29802
29802
29801
29801
29801
29801
29801
29801
29800
29800
29800
29800
29800
29800
29800
29800
29800
29800
29800
29800
29800
29800
29799
29799
29799
29799
29799
29799
29799
29798
29798
29798
29798
29798
29798
29798
29798
29798
29797
29797
29797
29797
29797
29797
29797
29797
29796
29796
29796
29796
29796
29795
29795
29795
29794
29794
29794
29794
29794
29794
29794
29794
29793
29793
29793
29793
29793
29793
29792
29792
29792
29792
29792
29791
29791
29791
29791
29791
29791
29791
29791
29791
29791
29791
29790
29790
29790
29790
29790
29790
29790
29789
29789
29789
29789
29789
29789
29789
29789
29788
29788
29788
29788
29788
29788
29788
29788
29787
29787
29787
29787
29787
29787
29787
29787
29787
29787
29786
29786
29786
29786
29786
29786
29785
29785
29785
29785
29785
29785
29785
29785
29785
29784
29784
29784
29784
29784
29783
29783
29783
29783
29783
29783
29782
29782
29782
29782
29782
29782
29782
29782
29782
29782
29781
29781
29781
29781
29780
29780
29780
29779
29779
29779
29778
29778
29778
29778
29777
29777
29777
29777
29777
29776
29776
29776
29776
29776
29776
29776
29776
29776
29775
29775
29775
29775
29775
29775
29775
29775
29774
29774
29774
29774
29774
29774
29774
29774
29773
29773
29773
29773
29773
29773
29773
29772
29772
29772
29772
29771
29771
29771
29770
29770
29770
29770
29769
29769
29769
29769
29769
29769
29768
29767
29767
29767
29767
29767
29766
29766
29766
29766
29766
29765
29765
29765
29764
29764
29764
29764
29764
29764
29764
29764
29763
29763
29763
29763
29763
29763
29763
29763
29763
29762
29762
29762
29761
29761
29761
29761
29761
29760
29760
29760
29760
29760
29759
29759
29759
29758
29758
29758
29757
29756
29756
29756
29756
29756
29754
29754
29754
29754
29753
29753
29752
29751
29750
29750
29749
29748
29748
29748
29747
29747
29746
29745
29745
29745
29745
29744
29744
29744
29744
29744
29744
29743
29743
29743
29742
29742
29741
29741
29741
29741
29740
29740
29740
29739
29739
29738
29737
29737
29737
29736
29736
29736
29735
29735
29735
29735
29735
29735
29735
29735
29735
29735
29734
29734
29734
29734
29734
29734
29733
29733
29733
29733
29733
29733
29732
29732
29732
29732
29731
29731
29731
29731
29731
29731
29731
29730
29730
29730
29730
29730
29729
29729
29729
29729
29729
29729
29729
29729
29729
29729
29729
29729
29728
29728
29728
29728
29728
29728
29728
29728
29728
29728
29727
29727
29727
29727
29727
29727
29727
29727
29727
29727
29727
29727
29726
29726
29726
29726
29726
29726
29726
29726
29725
29725
29725
29725
29725
29725
29725
29725
29725
29725
29725
29724
29724
29724
29724
29724
29724
29724
29724
29724
29724
29724
29723
29723
29722
29722
29722
29722
29722
29722
29722
29722
29722
29722
29721
29721
29721
29721
29721
29721
29720
29720
29720
29720
29720
29720
29720
29720
29720
29720
29719
29719
29719
29719
29719
29719
29719
29719
29719
29719
29718
29718
29718
29718
29718
29718
29718
29718
29718
29717
29717
29717
29717
29717
29716
29716
29716
29716
29715
29715
29714
29714
29713
29713
29713
29711
29710
29710
29710
29709
29709
29708
29706
29706
29706
29705
29705
29705
29704
29704
29704
29703
29703
29701
29699
29696
29696
29696
29696
29696
29696
29693
29692
29692
29692
29691
29689
29689
29688
29688
29687
29687
29687
29686
29686
29683
29683
29683
29673
29673
29672
29672
